EXPERIMENT 1: GRADIENT BOOSTING

Parameters
	n_estimators:   100
	max_depth:   10
	random_state:   42
	weighted:   True
	scale_pos_weight:   10.11111111111111

Model
Features importance: [0.01531098 0.00691373 0.01102838 0.00632593 0.01175614 0.00962884
 0.01265185 0.00722163 0.00691373 0.00688574 0.01030062 0.01743828
 0.00685775 0.00515031 0.00696971 0.01449924 0.00744556 0.00573812
 0.03106981 0.00638191 0.0094609  0.00923697 0.00361082 0.00744556
 0.00663382 0.01044058 0.01559089 0.00974081 0.02230868 0.0201254
 0.02160891 0.00744556 0.03154565 0.00895706 0.00685775 0.00951688
 0.01503107 0.00828528 0.01505906 0.00752953 0.0155349  0.0097688
 0.01133628 0.02135699 0.00604602 0.009153   0.00744556 0.00333091
 0.00733359 0.00783743 0.01766221 0.01732632 0.00691373 0.0048704
 0.00111963 0.01002071 0.03210547 0.00864916 0.00551419 0.00839725
 0.00607401 0.00811734 0.00621396 0.00478643 0.01315568 0.00193137
 0.0073056  0.00307899 0.00439456 0.02421206 0.00820131 0.0012316
 0.00696971 0.02158092 0.00719364 0.01181213 0.00478643 0.04467335
 0.00666182 0.00848122 0.00724962 0.00996473 0.03778761 0.0094609
 0.0134076  0.00834126 0.00873314 0.02731904 0.00710967 0.00512232]

Data shape
	X_train:   (300000, 90)
	y_train:   (300000,)
	X_test:   (150000, 90)
	y_test:   (150000,)

Results on train set
	brier_loss_train:   0.00034966618448176466
	loss_train:   0.006350300452550206
	accuracy_train:   0.9999466666666667
	roc_auc_train:   1.0
	recall_train:   1.0

Results on test set
	brier_loss_test:   0.10642881426889772
	loss_test:   0.5448950629729904
	accuracy_test:   0.88406
	roc_auc_test:   0.6251144108641975
	recall_test:   0.0098

