EXPERIMENT 128: GRADIENT BOOSTING

Parameters
	n_estimators:   60
	max_depth:   5
	random_state:   42
	weighted:   False
	scale_pos_weight:   1

Model
Features importance: [0.00700525 0.00116754 0.         0.00291886 0.00583771 0.00291886
 0.00175131 0.02043199 0.00058377 0.         0.00700525 0.01225919
 0.00058377 0.         0.00175131 0.00350263 0.00233508 0.00116754
 0.02743725 0.00175131 0.00058377 0.00291886 0.00058377 0.00116754
 0.00058377 0.0040864  0.00291886 0.00058377 0.02276707 0.01926445
 0.03677758 0.00058377 0.08056042 0.01167542 0.0040864  0.0040864
 0.00467017 0.00116754 0.00467017 0.00350263 0.00642148 0.00700525
 0.00992411 0.01692936 0.00291886 0.00291886 0.00291886 0.
 0.         0.0040864  0.01984822 0.03210741 0.00525394 0.00467017
 0.         0.0040864  0.05370695 0.00350263 0.00467017 0.01576182
 0.00583771 0.00642148 0.0040864  0.         0.01517805 0.00116754
 0.00467017 0.00058377 0.02451839 0.10391127 0.00525394 0.00525394
 0.00291886 0.00934034 0.00175131 0.00758902 0.00525394 0.09748978
 0.00175131 0.00467017 0.00116754 0.00116754 0.07063631 0.00175131
 0.03561004 0.         0.00875657 0.06012843 0.00525394 0.00350263]

Data shape
	X_train:   (300000, 90)
	y_train:   (300000,)
	X_test:   (150000, 90)
	y_test:   (150000,)

Results on train set
	brier_loss_train:   0.015363015192463044
	loss_train:   0.06543302886319735
	accuracy_train:   0.97989
	roc_auc_train:   0.9949774883140756
	recall_train:   0.8015357142857142

Results on test set
	brier_loss_test:   0.06740897449830141
	loss_test:   0.24658965090908574
	accuracy_test:   0.919
	roc_auc_test:   0.8822525769432772
	recall_test:   0.14564285714285713

