EXPERIMENT 135: GRADIENT BOOSTING

Parameters
	n_estimators:   40
	max_depth:   6
	random_state:   42
	weighted:   True
	scale_pos_weight:   1

Model
Features importance: [0.00755786 0.0014171  0.0014171  0.00330657 0.00330657 0.0056684
 0.0028342  0.0184223  0.0028342  0.00236183 0.01086443 0.01039206
 0.0014171  0.00236183 0.00047237 0.0056684  0.00330657 0.00236183
 0.02598016 0.00330657 0.00094473 0.00330657 0.00047237 0.0028342
 0.0028342  0.00377893 0.00330657 0.00188947 0.02739726 0.01322626
 0.03448276 0.0014171  0.07794048 0.01653283 0.0042513  0.0056684
 0.00472367 0.00047237 0.0070855  0.0014171  0.00661313 0.0085026
 0.01180916 0.0212565  0.00519603 0.0042513  0.00519603 0.00188947
 0.00047237 0.00472367 0.0212565  0.02172886 0.00519603 0.00330657
 0.00047237 0.00377893 0.04298536 0.0028342  0.00330657 0.01511573
 0.00519603 0.0042513  0.0042513  0.00661313 0.01653283 0.0014171
 0.0042513  0.00094473 0.02031176 0.10155881 0.00472367 0.0028342
 0.00377893 0.00661313 0.0014171  0.00661313 0.00614077 0.10203118
 0.0042513  0.0042513  0.0042513  0.00236183 0.06613132 0.00094473
 0.02834199 0.00047237 0.0042513  0.05668399 0.00803023 0.0014171 ]

Data shape
	X_train:   (300000, 90)
	y_train:   (300000,)
	X_test:   (150000, 90)
	y_test:   (150000,)

Results on train set
	brier_loss_train:   0.016556459881076433
	loss_train:   0.07529365700842036
	accuracy_train:   0.9784266666666667
	roc_auc_train:   0.9936167327993699
	recall_train:   0.78525

Results on test set
	brier_loss_test:   0.06631221814356929
	loss_test:   0.239087218341548
	accuracy_test:   0.91882
	roc_auc_test:   0.8748237402836135
	recall_test:   0.14564285714285713

