EXPERIMENT 124: GRADIENT BOOSTING

Parameters
	n_estimators:   60
	max_depth:   8
	random_state:   42
	weighted:   False
	scale_pos_weight:   1

Model
Features importance: [0.00822106 0.0054807  0.00399635 0.00593743 0.00456725 0.00605161
 0.00536652 0.0171272  0.00342544 0.00433889 0.01472939 0.01324503
 0.00251199 0.00422471 0.00445307 0.0067367  0.00422471 0.00388216
 0.02717515 0.00559488 0.00342544 0.00479562 0.00114181 0.00171272
 0.00502398 0.00685088 0.00627997 0.00388216 0.02409226 0.01667047
 0.03528203 0.00239781 0.05172414 0.01187486 0.00502398 0.00742179
 0.00924869 0.00593743 0.00605161 0.00422471 0.01301667 0.01027632
 0.01153231 0.01621375 0.00719342 0.00765015 0.00650834 0.00274035
 0.00376798 0.00707924 0.01461521 0.02477735 0.01198904 0.00411053
 0.00057091 0.00902032 0.03722311 0.00765015 0.00525234 0.01472939
 0.00605161 0.00753597 0.00605161 0.00422471 0.01644211 0.00468143
 0.00685088 0.00091345 0.02477735 0.07307605 0.0067367  0.00125599
 0.00570907 0.00765015 0.00319708 0.01027632 0.0073076  0.06565426
 0.00639415 0.00650834 0.00570907 0.00879196 0.04886961 0.00468143
 0.02854533 0.00433889 0.00627997 0.0329984  0.00479562 0.00342544]

Data shape
	X_train:   (300000, 90)
	y_train:   (300000,)
	X_test:   (150000, 90)
	y_test:   (150000,)

Results on train set
	brier_loss_train:   0.0036076170252030836
	loss_train:   0.02085586700478627
	accuracy_train:   0.99566
	roc_auc_train:   0.9999086102284664
	recall_train:   0.9550714285714286

Results on test set
	brier_loss_test:   0.08058437630220176
	loss_test:   0.346031664973901
	accuracy_test:   0.9101533333333334
	roc_auc_test:   0.8332871210609245
	recall_test:   0.04207142857142857

