EXPERIMENT 143: GRADIENT BOOSTING

Parameters
	n_estimators:   20
	max_depth:   8
	random_state:   42
	weighted:   True
	scale_pos_weight:   1

Model
Features importance: [0.01278055 0.00685786 0.00374065 0.00841646 0.00280549 0.00342893
 0.00529925 0.01683292 0.00280549 0.00374065 0.00997506 0.01184539
 0.00467581 0.00498753 0.00280549 0.00561097 0.00374065 0.00311721
 0.02244389 0.00685786 0.00374065 0.00374065 0.00093516 0.00218204
 0.00218204 0.00623441 0.00467581 0.00311721 0.01776808 0.01246883
 0.03647132 0.0015586  0.05891521 0.01839152 0.00592269 0.00654613
 0.00436409 0.00498753 0.00436409 0.00249377 0.00872818 0.01028678
 0.01683292 0.01122195 0.00623441 0.00810474 0.00498753 0.00187032
 0.00436409 0.00654613 0.02119701 0.02462593 0.01402743 0.00561097
 0.00093516 0.0105985  0.03023691 0.00779302 0.00218204 0.0180798
 0.00467581 0.00779302 0.00498753 0.00311721 0.00935162 0.00311721
 0.00249377 0.         0.02369077 0.09632169 0.00467581 0.00031172
 0.00405237 0.0074813  0.00436409 0.01091022 0.0090399  0.08260599
 0.00716958 0.00716958 0.0074813  0.00467581 0.05548628 0.00623441
 0.02743142 0.00374065 0.00374065 0.03491272 0.00249377 0.00218204]

Data shape
	X_train:   (300000, 90)
	y_train:   (300000,)
	X_test:   (150000, 90)
	y_test:   (150000,)

Results on train set
	brier_loss_train:   0.020908577591206914
	loss_train:   0.12346426266506315
	accuracy_train:   0.98071
	roc_auc_train:   0.9814571733849791
	recall_train:   0.8041785714285714

Results on test set
	brier_loss_test:   0.06385976992029264
	loss_test:   0.23955941125800212
	accuracy_test:   0.92152
	roc_auc_test:   0.8586523203781513
	recall_test:   0.19185714285714286

