EXPERIMENT 131: GRADIENT BOOSTING

Parameters
	n_estimators:   40
	max_depth:   10
	random_state:   42
	weighted:   True
	scale_pos_weight:   1

Model
Features importance: [0.01099877 0.00662659 0.00594343 0.00601175 0.00655827 0.00539691
 0.00519197 0.01639568 0.00519197 0.00464544 0.01625905 0.01441454
 0.00635333 0.00450881 0.00382566 0.00683153 0.00560186 0.00587512
 0.02473016 0.00648996 0.00553354 0.00498702 0.00150294 0.00368903
 0.00573849 0.00771963 0.00724143 0.00498702 0.01810357 0.01851346
 0.0307419  0.00403061 0.04577128 0.01455117 0.00696817 0.01038393
 0.00819784 0.007583   0.00676322 0.00594343 0.01216013 0.01093046
 0.00976909 0.01427791 0.0079929  0.00853942 0.00888099 0.0026643
 0.00683153 0.00812953 0.01530264 0.02377374 0.01338981 0.0049187
 0.00095641 0.01127203 0.03422599 0.01004236 0.00512365 0.01147698
 0.00648996 0.00956415 0.00771963 0.00498702 0.01578084 0.00314251
 0.00717311 0.00232272 0.02158765 0.05793141 0.0062167  0.00068315
 0.00778795 0.00737806 0.00560186 0.01140866 0.00635333 0.05772647
 0.00765132 0.01017899 0.00806121 0.00983741 0.03825659 0.00785626
 0.02548162 0.00737806 0.00771963 0.02151933 0.00505534 0.00368903]

Data shape
	X_train:   (300000, 90)
	y_train:   (300000,)
	X_test:   (150000, 90)
	y_test:   (150000,)

Results on train set
	brier_loss_train:   0.002749592177909607
	loss_train:   0.023771656966015384
	accuracy_train:   0.99697
	roc_auc_train:   0.9999835450367647
	recall_train:   0.9676785714285714

Results on test set
	brier_loss_test:   0.07468283479645159
	loss_test:   0.29427859783612814
	accuracy_test:   0.9156533333333333
	roc_auc_test:   0.8552185837710083
	recall_test:   0.106

