EXPERIMENT 116: GRADIENT BOOSTING

Parameters
	n_estimators:   80
	max_depth:   6
	random_state:   42
	weighted:   False
	scale_pos_weight:   1

Model
Features importance: [0.00612295 0.00244918 0.00146951 0.00391869 0.00636787 0.0068577
 0.0026941  0.0191036  0.00342885 0.00146951 0.01273573 0.01028655
 0.00195934 0.0026941  0.0026941  0.0068577  0.00342885 0.00195934
 0.02351212 0.00293902 0.00146951 0.00440852 0.00024492 0.00367377
 0.00440852 0.00808229 0.0053882  0.0026941  0.02571638 0.01738917
 0.03355376 0.00146951 0.05829047 0.01126623 0.00489836 0.00857213
 0.0068577  0.0026941  0.00710262 0.00440852 0.01151114 0.00979672
 0.01028655 0.02057311 0.00440852 0.00391869 0.00514328 0.00244918
 0.00220426 0.0053882  0.01542983 0.02547147 0.00710262 0.00293902
 0.00097967 0.00808229 0.04384032 0.00440852 0.00440852 0.01665442
 0.00881705 0.00514328 0.00514328 0.00661278 0.02032819 0.00440852
 0.00832721 0.00122459 0.01934852 0.08694588 0.0068577  0.0026941
 0.00391869 0.00734754 0.00220426 0.00759246 0.00661278 0.08547637
 0.0068577  0.00832721 0.00612295 0.00416361 0.04677933 0.00195934
 0.03036983 0.00146951 0.00808229 0.04579966 0.00710262 0.00342885]

Data shape
	X_train:   (300000, 90)
	y_train:   (300000,)
	X_test:   (150000, 90)
	y_test:   (150000,)

Results on train set
	brier_loss_train:   0.007670660271435221
	loss_train:   0.03519744431124719
	accuracy_train:   0.9899166666666667
	roc_auc_train:   0.9992541944590336
	recall_train:   0.9005714285714286

Results on test set
	brier_loss_test:   0.07510700790987657
	loss_test:   0.30201398712616956
	accuracy_test:   0.9123
	roc_auc_test:   0.859025912815126
	recall_test:   0.06857142857142857

