EXPERIMENT 145: GRADIENT BOOSTING

Parameters
	n_estimators:   20
	max_depth:   6
	random_state:   42
	weighted:   True
	scale_pos_weight:   1

Model
Features importance: [0.00818926 0.00090992 0.00090992 0.00545951 0.00272975 0.00181984
 0.00272975 0.01728844 0.00363967 0.00363967 0.00636943 0.00818926
 0.00181984 0.00181984 0.00090992 0.00636943 0.00363967 0.00363967
 0.02183804 0.00181984 0.         0.00181984 0.         0.00454959
 0.         0.00090992 0.00363967 0.00090992 0.02274795 0.01091902
 0.03548681 0.00181984 0.0955414  0.02547771 0.00636943 0.00545951
 0.00272975 0.00090992 0.00818926 0.00090992 0.00363967 0.00909918
 0.01546861 0.01455869 0.00727934 0.00363967 0.00181984 0.00181984
 0.00090992 0.00363967 0.02638762 0.01637853 0.00636943 0.00454959
 0.         0.00272975 0.03366697 0.00181984 0.         0.01819836
 0.00454959 0.00363967 0.00363967 0.00636943 0.0100091  0.00090992
 0.00181984 0.00181984 0.01182894 0.11828935 0.00454959 0.
 0.00181984 0.00272975 0.00272975 0.00272975 0.00818926 0.12010919
 0.00545951 0.00272975 0.00636943 0.00090992 0.08189263 0.00090992
 0.02456779 0.         0.         0.05641492 0.00818926 0.00272975]

Data shape
	X_train:   (300000, 90)
	y_train:   (300000,)
	X_test:   (150000, 90)
	y_test:   (150000,)

Results on train set
	brier_loss_train:   0.02950279338445713
	loss_train:   0.14938363971999535
	accuracy_train:   0.96991
	roc_auc_train:   0.9705317072610292
	recall_train:   0.7104285714285714

Results on test set
	brier_loss_test:   0.06130125251114023
	loss_test:   0.23439028197358053
	accuracy_test:   0.9283933333333333
	roc_auc_test:   0.8739343258928572
	recall_test:   0.2795

