EXPERIMENT 125: GRADIENT BOOSTING

Parameters
	n_estimators:   60
	max_depth:   6
	random_state:   42
	weighted:   True
	scale_pos_weight:   1

Model
Features importance: [0.00612903 0.00193548 0.00129032 0.00322581 0.00612903 0.00548387
 0.00290323 0.01903226 0.00322581 0.00193548 0.01258065 0.01064516
 0.00096774 0.00290323 0.0016129  0.00645161 0.00354839 0.00225806
 0.02483871 0.00290323 0.00064516 0.00322581 0.00032258 0.00290323
 0.00419355 0.00612903 0.00516129 0.00290323 0.0283871  0.01645161
 0.03483871 0.00129032 0.06483871 0.01225806 0.00419355 0.00709677
 0.00580645 0.00032258 0.00741935 0.00290323 0.01064516 0.01
 0.01129032 0.02129032 0.00419355 0.00387097 0.00419355 0.00258065
 0.00129032 0.00516129 0.01806452 0.02516129 0.00548387 0.00354839
 0.00032258 0.00612903 0.04774193 0.00354839 0.00451613 0.01677419
 0.00741935 0.00451613 0.00548387 0.00709677 0.01677419 0.00225806
 0.00516129 0.00064516 0.01774194 0.09193549 0.00677419 0.00225806
 0.00290323 0.00709677 0.00225806 0.00645161 0.00677419 0.09193549
 0.00580645 0.00645161 0.00483871 0.00290323 0.05322581 0.00129032
 0.03193548 0.0016129  0.00774194 0.0516129  0.00774194 0.00225806]

Data shape
	X_train:   (300000, 90)
	y_train:   (300000,)
	X_test:   (150000, 90)
	y_test:   (150000,)

Results on train set
	brier_loss_train:   0.011410887423480303
	loss_train:   0.05064763106917575
	accuracy_train:   0.9851366666666667
	roc_auc_train:   0.9976411963629201
	recall_train:   0.8521785714285715

Results on test set
	brier_loss_test:   0.0708109821989936
	loss_test:   0.26603043793256315
	accuracy_test:   0.9159
	roc_auc_test:   0.8684305034138655
	recall_test:   0.11

