EXPERIMENT 114: GRADIENT BOOSTING

Parameters
	n_estimators:   80
	max_depth:   8
	random_state:   42
	weighted:   False
	scale_pos_weight:   1

Model
Features importance: [0.00891389 0.0052791  0.00424059 0.00571181 0.00553873 0.00562527
 0.00510601 0.01826049 0.00302899 0.00398096 0.01367373 0.0146257
 0.00294245 0.00432713 0.00484639 0.00735612 0.00441367 0.00415405
 0.02648204 0.00579836 0.00380788 0.0058849  0.0012116  0.00285591
 0.0052791  0.00700995 0.00700995 0.00380788 0.02085677 0.01774124
 0.03470359 0.00320208 0.04604068 0.0105582  0.00536564 0.00856772
 0.00969277 0.00675032 0.00657724 0.00475984 0.0140199  0.00986586
 0.01107746 0.01687581 0.00683687 0.00752921 0.00744267 0.00302899
 0.0040675  0.00770229 0.01358719 0.02310688 0.01228905 0.00450022
 0.0006058  0.00900043 0.03686716 0.00752921 0.0046733  0.01436608
 0.00752921 0.00813501 0.00657724 0.00415405 0.01713544 0.00657724
 0.00787538 0.00138468 0.02293379 0.07209001 0.00692341 0.00147122
 0.00640415 0.00735612 0.00424059 0.01125054 0.00726958 0.06308957
 0.00631761 0.00848118 0.00605798 0.00856772 0.04257897 0.0058849
 0.0270013  0.00510601 0.00813501 0.02890524 0.00510601 0.00450022]

Data shape
	X_train:   (300000, 90)
	y_train:   (300000,)
	X_test:   (150000, 90)
	y_test:   (150000,)

Results on train set
	brier_loss_train:   0.0015469730906786593
	loss_train:   0.011014880940207028
	accuracy_train:   0.9985233333333333
	roc_auc_train:   0.9999937054884454
	recall_train:   0.9843928571428572

Results on test set
	brier_loss_test:   0.08392249901771895
	loss_test:   0.402676189001728
	accuracy_test:   0.9088
	roc_auc_test:   0.8257368847163865
	recall_test:   0.025142857142857144

