EXPERIMENT 102: GRADIENT BOOSTING

Parameters
	n_estimators:   100
	max_depth:   10
	random_state:   42
	weighted:   False
	scale_pos_weight:   1

Model
Features importance: [0.00959484 0.00550346 0.00568449 0.00535863 0.00637242 0.00630001
 0.00575691 0.01687244 0.00456208 0.00452587 0.01451899 0.01596727
 0.0052138  0.00398277 0.00423621 0.00763967 0.00553966 0.00546725
 0.02476556 0.00568449 0.0051776  0.00658967 0.00105    0.00391035
 0.00604656 0.00894312 0.00836381 0.00409139 0.01774141 0.02201383
 0.03280351 0.00456208 0.04022593 0.01173105 0.00640863 0.01075347
 0.00977588 0.00763967 0.00763967 0.00651725 0.01361382 0.01115174
 0.0098845  0.01632934 0.00716898 0.00919657 0.00868967 0.00242587
 0.00669829 0.00872588 0.0156052  0.02252073 0.0135052  0.00485173
 0.00094138 0.0104276  0.03638799 0.00923277 0.0057207  0.01068105
 0.00850864 0.00814657 0.0067707  0.00503277 0.01929831 0.00655346
 0.00959484 0.00351207 0.02114486 0.05333285 0.00673449 0.00083276
 0.00760346 0.00706036 0.00561208 0.01140519 0.00611898 0.05344147
 0.00807415 0.01021036 0.00702415 0.00919657 0.03718455 0.00706036
 0.02367935 0.00633622 0.00999312 0.02136211 0.00503277 0.00485173]

Data shape
	X_train:   (300000, 90)
	y_train:   (300000,)
	X_test:   (150000, 90)
	y_test:   (150000,)

Results on train set
	brier_loss_train:   4.434471496914482e-05
	loss_train:   0.0015867384549846611
	accuracy_train:   1.0
	roc_auc_train:   1.0
	recall_train:   1.0

Results on test set
	brier_loss_test:   0.08613011488669098
	loss_test:   0.5202281258288683
	accuracy_test:   0.90906
	roc_auc_test:   0.8528390320378151
	recall_test:   0.027642857142857143

