EXPERIMENT 11: GRADIENT BOOSTING

Parameters
	n_estimators:   80
	max_depth:   10
	random_state:   42
	weighted:   True
	scale_pos_weight:   10.11111111111111

Model
Features importance: [0.01632695 0.00695344 0.01124821 0.0065785  0.01213443 0.00920308
 0.0129184  0.00736246 0.00674893 0.00647624 0.01019156 0.01775854
 0.0070557  0.00504465 0.00708978 0.01397505 0.00722612 0.00576045
 0.03265389 0.00640807 0.00913491 0.00862363 0.00371532 0.00732838
 0.0065785  0.01019156 0.01516804 0.00906674 0.02174654 0.01987184
 0.02178062 0.00736246 0.03333561 0.00886223 0.00620356 0.00968028
 0.01482719 0.00773741 0.0152703  0.00739655 0.01530438 0.00961211
 0.01138455 0.02150794 0.00613539 0.00865771 0.00749881 0.00306769
 0.00736246 0.00760106 0.017145   0.01748586 0.00661258 0.00466971
 0.00119299 0.01025973 0.03265389 0.00855546 0.00538551 0.00838503
 0.00603313 0.00818052 0.00589679 0.00477197 0.013157   0.00170427
 0.00732838 0.00276092 0.00405617 0.02447338 0.00838503 0.00112482
 0.00668076 0.02167837 0.00708978 0.01186175 0.00460154 0.04734474
 0.00627173 0.00865771 0.00702161 0.00910082 0.03930056 0.00985071
 0.013157   0.00818052 0.00841912 0.0281887  0.00671484 0.00453337]

Data shape
	X_train:   (300000, 90)
	y_train:   (300000,)
	X_test:   (150000, 90)
	y_test:   (150000,)

Results on train set
	brier_loss_train:   0.0013057745502594296
	loss_train:   0.013639166576569599
	accuracy_train:   0.99944
	roc_auc_train:   0.9999998165784831
	recall_train:   1.0

Results on test set
	brier_loss_test:   0.107089500652371
	loss_test:   0.48925293025242894
	accuracy_test:   0.8808333333333334
	roc_auc_test:   0.6281765755555555
	recall_test:   0.0128

