EXPERIMENT 15: GRADIENT BOOSTING

Parameters
	n_estimators:   80
	max_depth:   6
	random_state:   42
	weighted:   True
	scale_pos_weight:   10.11111111111111

Model
Features importance: [0.00993452 0.00406412 0.00767668 0.00519305 0.01016031 0.00451569
 0.00857981 0.00496726 0.00519305 0.00428991 0.01061188 0.01445021
 0.0029352  0.00248363 0.00654775 0.02099797 0.00383834 0.00406412
 0.03996387 0.00428991 0.00790246 0.00519305 0.00812825 0.00609618
 0.00541883 0.00835403 0.01286972 0.00338677 0.02009483 0.01851434
 0.03341612 0.00632197 0.04583427 0.00857981 0.00361255 0.01083766
 0.00699932 0.00609618 0.01535335 0.00451569 0.01941748 0.0088056
 0.01196658 0.0264168  0.00451569 0.00857981 0.00564461 0.00383834
 0.00632197 0.00632197 0.01919169 0.02190111 0.00406412 0.0029352
 0.00022578 0.00948295 0.04831791 0.00722511 0.00361255 0.00677354
 0.00361255 0.00654775 0.00496726 0.00067735 0.01783698 0.00112892
 0.00790246 0.00564461 0.00225785 0.03341612 0.01061188 0.00090314
 0.00361255 0.02506209 0.0058704  0.01106345 0.00428991 0.06209077
 0.00270942 0.00632197 0.00270942 0.00654775 0.05825243 0.00135471
 0.01332129 0.00338677 0.01038609 0.04177015 0.00564461 0.00225785]

Data shape
	X_train:   (300000, 90)
	y_train:   (300000,)
	X_test:   (150000, 90)
	y_test:   (150000,)

Results on train set
	brier_loss_train:   0.021446359639846008
	loss_train:   0.09339263888866475
	accuracy_train:   0.97752
	roc_auc_train:   0.9984710355447022
	recall_train:   0.9877777777777778

Results on test set
	brier_loss_test:   0.11354696027513476
	loss_test:   0.4229614188775145
	accuracy_test:   0.8619133333333333
	roc_auc_test:   0.5918903718518519
	recall_test:   0.036866666666666666

