EXPERIMENT 122: GRADIENT BOOSTING

Parameters
	n_estimators:   60
	max_depth:   10
	random_state:   42
	weighted:   False
	scale_pos_weight:   1

Model
Features importance: [0.01014728 0.00586178 0.005714   0.00586178 0.00610807 0.00581252
 0.00497512 0.01635387 0.0045318  0.00443328 0.01561499 0.01551648
 0.00576326 0.00413773 0.00359588 0.0073888  0.00541845 0.00531993
 0.02349638 0.00556623 0.005714   0.00527068 0.00137924 0.00374366
 0.00610807 0.00960544 0.00788139 0.00448254 0.01797941 0.02004827
 0.03162406 0.00418699 0.0440865  0.01275799 0.00630511 0.01123097
 0.00876804 0.00793064 0.00679769 0.00669918 0.01285651 0.01034432
 0.00975321 0.01605832 0.00709325 0.00876804 0.00916211 0.00256145
 0.00719176 0.0088173  0.0145313  0.02374267 0.01325058 0.00522142
 0.00098517 0.01029506 0.03600808 0.0096547  0.00527068 0.0108369
 0.00768435 0.00930989 0.00699473 0.00487661 0.01807793 0.00551697
 0.00842323 0.00334959 0.02374267 0.05398749 0.00581252 0.00068962
 0.00758583 0.0065514  0.00581252 0.01162504 0.00635437 0.05388897
 0.0082262  0.00995025 0.00793064 0.0094084  0.03773213 0.00758583
 0.02531895 0.00679769 0.00852175 0.02320083 0.00467957 0.00374366]

Data shape
	X_train:   (300000, 90)
	y_train:   (300000,)
	X_test:   (150000, 90)
	y_test:   (150000,)

Results on train set
	brier_loss_train:   0.0006653026764535604
	loss_train:   0.0074259895837144
	accuracy_train:   0.9995466666666667
	roc_auc_train:   0.9999997685136555
	recall_train:   0.9952142857142857

Results on test set
	brier_loss_test:   0.08265583090592754
	loss_test:   0.41651916326053595
	accuracy_test:   0.91186
	roc_auc_test:   0.8284562195378151
	recall_test:   0.05914285714285714

