EXPERIMENT 119: GRADIENT BOOSTING

Parameters
	n_estimators:   80
	max_depth:   4
	random_state:   42
	weighted:   True
	scale_pos_weight:   1

Model
Features importance: [0.00690846 0.00086356 0.         0.00345423 0.00518135 0.
 0.         0.0224525  0.         0.         0.00690846 0.01208981
 0.         0.         0.00518135 0.00604491 0.00086356 0.00086356
 0.03195164 0.         0.         0.00345423 0.         0.
 0.         0.00172712 0.         0.         0.01295337 0.01208981
 0.03713299 0.         0.07944732 0.01122625 0.00345423 0.00604491
 0.00690846 0.00172712 0.00431779 0.00604491 0.01036269 0.00777202
 0.00431779 0.01899827 0.00259067 0.00172712 0.00259067 0.
 0.00172712 0.00172712 0.01813472 0.04145078 0.00777202 0.00259067
 0.         0.00518135 0.05613126 0.00086356 0.00431779 0.02331606
 0.00604491 0.00949914 0.00604491 0.00086356 0.01554404 0.00172712
 0.00777202 0.         0.01727116 0.09844559 0.00690846 0.00345423
 0.00086356 0.01208981 0.00172712 0.00777202 0.00345423 0.09758203
 0.         0.00259067 0.00086356 0.         0.082038   0.00086356
 0.04576857 0.00172712 0.01036269 0.0552677  0.00172712 0.00086356]

Data shape
	X_train:   (300000, 90)
	y_train:   (300000,)
	X_test:   (150000, 90)
	y_test:   (150000,)

Results on train set
	brier_loss_train:   0.017257326255128724
	loss_train:   0.07171158208054995
	accuracy_train:   0.9779366666666667
	roc_auc_train:   0.9930261712184874
	recall_train:   0.7833214285714286

Results on test set
	brier_loss_test:   0.0672070367411413
	loss_test:   0.24545080598583174
	accuracy_test:   0.91766
	roc_auc_test:   0.8768627922794118
	recall_test:   0.13378571428571429

