EXPERIMENT 106: GRADIENT BOOSTING

Parameters
	n_estimators:   100
	max_depth:   6
	random_state:   42
	weighted:   False
	scale_pos_weight:   1

Model
Features importance: [0.00747443 0.00255704 0.00216365 0.004524   0.00668765 0.00590087
 0.00314713 0.01947286 0.00354052 0.00157356 0.0131786  0.01160504
 0.00295043 0.00236035 0.00255704 0.00747443 0.00354052 0.00236035
 0.0218332  0.00295043 0.00275374 0.00531078 0.00059009 0.00334382
 0.004524   0.00944139 0.00649095 0.00295043 0.02301338 0.01848938
 0.03402833 0.00196696 0.05094414 0.00983478 0.00590087 0.00944139
 0.00767113 0.00334382 0.00786782 0.00531078 0.01278521 0.01042486
 0.01042486 0.01927616 0.00413061 0.00511408 0.00649095 0.00354052
 0.00236035 0.00531078 0.01593234 0.02537372 0.00826121 0.00314713
 0.00098348 0.00826121 0.04150276 0.00590087 0.00491739 0.01573564
 0.00944139 0.00649095 0.00609756 0.00649095 0.01888277 0.00511408
 0.01003147 0.00098348 0.01868607 0.08300551 0.00649095 0.00314713
 0.00472069 0.00747443 0.00255704 0.00904799 0.00688434 0.07985838
 0.00767113 0.00826121 0.00649095 0.00570417 0.04169945 0.00196696
 0.02930763 0.00275374 0.00786782 0.04150276 0.00649095 0.00393391]

Data shape
	X_train:   (300000, 90)
	y_train:   (300000,)
	X_test:   (150000, 90)
	y_test:   (150000,)

Results on train set
	brier_loss_train:   0.005324824802111774
	loss_train:   0.026090548825209333
	accuracy_train:   0.99319
	roc_auc_train:   0.9997344351365547
	recall_train:   0.9332857142857143

Results on test set
	brier_loss_test:   0.07834752691067802
	loss_test:   0.3344564118276553
	accuracy_test:   0.9106933333333334
	roc_auc_test:   0.8498314679621849
	recall_test:   0.0495

