EXPERIMENT 142: GRADIENT BOOSTING

Parameters
	n_estimators:   20
	max_depth:   10
	random_state:   42
	weighted:   False
	scale_pos_weight:   1

Model
Features importance: [0.0142354  0.00909891 0.00821837 0.00675081 0.00733783 0.00528324
 0.00513648 0.02039918 0.00469621 0.00410919 0.01555621 0.01511594
 0.00763135 0.00631054 0.00322865 0.00660405 0.00528324 0.00660405
 0.02362783 0.00733783 0.00601702 0.00396243 0.00205459 0.00498973
 0.00381567 0.00748459 0.00660405 0.00410919 0.01643675 0.01555621
 0.0308189  0.00293513 0.05004403 0.01790432 0.00748459 0.00909891
 0.00660405 0.00572351 0.00543    0.0044027  0.01041972 0.01291459
 0.01041972 0.01041972 0.00939243 0.00807162 0.0077781  0.0033754
 0.00601702 0.00807162 0.01511594 0.02348107 0.01731729 0.00572351
 0.0010273  0.01247432 0.02817728 0.01071324 0.00366892 0.01335486
 0.00587027 0.00953918 0.00675081 0.00469621 0.01188729 0.00220135
 0.00616378 0.00088054 0.01805107 0.06985618 0.00587027 0.00029351
 0.00821837 0.0088054  0.00557675 0.01012621 0.0077781  0.0636924
 0.00733783 0.00924567 0.00821837 0.00748459 0.03507484 0.00807162
 0.0264162  0.00616378 0.00616378 0.01981215 0.00469621 0.00308189]

Data shape
	X_train:   (300000, 90)
	y_train:   (300000,)
	X_test:   (150000, 90)
	y_test:   (150000,)

Results on train set
	brier_loss_train:   0.015322484857720234
	loss_train:   0.1059724665399144
	accuracy_train:   0.9875266666666667
	roc_auc_train:   0.9921103891806723
	recall_train:   0.8696428571428572

Results on test set
	brier_loss_test:   0.06492015559184167
	loss_test:   0.2422577105044325
	accuracy_test:   0.9207733333333333
	roc_auc_test:   0.8505007373949579
	recall_test:   0.1947142857142857

