EXPERIMENT 150: GRADIENT BOOSTING

Parameters
	n_estimators:   20
	max_depth:   4
	random_state:   42
	weighted:   False
	scale_pos_weight:   1

Model
Features importance: [0.         0.         0.         0.         0.         0.
 0.         0.01003344 0.         0.         0.00334448 0.
 0.         0.         0.         0.         0.         0.00334448
 0.04347826 0.         0.         0.         0.         0.
 0.         0.         0.         0.         0.         0.00668896
 0.03010033 0.         0.14381272 0.03344481 0.         0.
 0.         0.         0.         0.         0.         0.00334448
 0.         0.00668896 0.00334448 0.         0.         0.
 0.         0.         0.03344481 0.02006689 0.00668896 0.
 0.         0.         0.01672241 0.         0.         0.02006689
 0.00334448 0.01003344 0.         0.         0.         0.
 0.         0.         0.04013378 0.12040134 0.         0.
 0.         0.00334448 0.00668896 0.00334448 0.01003344 0.12374582
 0.         0.         0.         0.         0.15719064 0.
 0.03344481 0.         0.         0.09698997 0.00668896 0.        ]

Data shape
	X_train:   (300000, 90)
	y_train:   (300000,)
	X_test:   (150000, 90)
	y_test:   (150000,)

Results on train set
	brier_loss_train:   0.037825304283249886
	loss_train:   0.1756712706199661
	accuracy_train:   0.9611033333333333
	roc_auc_train:   0.9531306873686975
	recall_train:   0.6258928571428571

Results on test set
	brier_loss_test:   0.06292533802734541
	loss_test:   0.24227019085879128
	accuracy_test:   0.9275
	roc_auc_test:   0.8604059703256304
	recall_test:   0.29285714285714287

