EXPERIMENT 110: GRADIENT BOOSTING

Parameters
	n_estimators:   100
	max_depth:   4
	random_state:   42
	weighted:   False
	scale_pos_weight:   1

Model
Features importance: [0.00624566 0.00138793 0.         0.00277585 0.0055517  0.00069396
 0.         0.02151284 0.00069396 0.00069396 0.00832755 0.01249133
 0.         0.         0.00485774 0.0055517  0.00208189 0.00069396
 0.03122831 0.         0.         0.00346981 0.         0.
 0.         0.00416378 0.00069396 0.00069396 0.01457321 0.0111034
 0.03678001 0.00069396 0.07147814 0.00971548 0.00416378 0.00693963
 0.00693963 0.00138793 0.0055517  0.00763359 0.01249133 0.00693963
 0.00485774 0.02081888 0.00277585 0.00208189 0.00277585 0.00069396
 0.00138793 0.00485774 0.0166551  0.04024983 0.00832755 0.00277585
 0.         0.00693963 0.05343511 0.00277585 0.00416378 0.01943095
 0.00693963 0.01040944 0.00693963 0.00208189 0.0166551  0.00138793
 0.00832755 0.00069396 0.01804303 0.10062457 0.00832755 0.00346981
 0.00138793 0.0111034  0.00138793 0.00763359 0.00485774 0.09368494
 0.00069396 0.00416378 0.00208189 0.         0.07564192 0.00138793
 0.04233171 0.00208189 0.01040944 0.0499653  0.00138793 0.00069396]

Data shape
	X_train:   (300000, 90)
	y_train:   (300000,)
	X_test:   (150000, 90)
	y_test:   (150000,)

Results on train set
	brier_loss_train:   0.014528243419800274
	loss_train:   0.0610234853794093
	accuracy_train:   0.9815333333333334
	roc_auc_train:   0.9953742905068278
	recall_train:   0.8201071428571428

Results on test set
	brier_loss_test:   0.06894463892795939
	loss_test:   0.25733278116031993
	accuracy_test:   0.9160466666666667
	roc_auc_test:   0.8806395551470588
	recall_test:   0.11342857142857143

