EXPERIMENT 111: GRADIENT BOOSTING

Parameters
	n_estimators:   80
	max_depth:   10
	random_state:   42
	weighted:   True
	scale_pos_weight:   1

Model
Features importance: [0.00988272 0.00565898 0.00565898 0.00557697 0.00647913 0.00611006
 0.00537193 0.01648487 0.0045928  0.00455179 0.01513163 0.01574674
 0.00549496 0.00393669 0.0040187  0.00725826 0.00549496 0.00541294
 0.02366112 0.00545395 0.00553596 0.00598704 0.00118921 0.00397769
 0.00590503 0.00898056 0.00811941 0.00434676 0.01751005 0.02132371
 0.03169851 0.00442877 0.04211433 0.01181006 0.00623308 0.01062085
 0.00963668 0.00783236 0.00758632 0.0068892  0.01312228 0.01074387
 0.00967768 0.01615681 0.00738128 0.00889855 0.00869351 0.00254244
 0.00680718 0.00865251 0.01504962 0.02284097 0.0132043  0.00512589
 0.00098417 0.01074387 0.03657836 0.00959567 0.00561798 0.01057984
 0.00811941 0.0086115  0.00668416 0.00520791 0.01927335 0.00619208
 0.0091856  0.00373165 0.02234889 0.05404741 0.00615107 0.00073813
 0.00725826 0.00680718 0.00565898 0.01168703 0.00615107 0.05359633
 0.00795538 0.00992373 0.00721726 0.00943164 0.03760354 0.00713524
 0.02464529 0.00652013 0.00988272 0.02234889 0.00500287 0.00418273]

Data shape
	X_train:   (300000, 90)
	y_train:   (300000,)
	X_test:   (150000, 90)
	y_test:   (150000,)

Results on train set
	brier_loss_train:   0.0001699065617518566
	loss_train:   0.003158195063137973
	accuracy_train:   0.9999766666666666
	roc_auc_train:   0.9999999986869748
	recall_train:   0.9997857142857143

Results on test set
	brier_loss_test:   0.08479719262488389
	loss_test:   0.4752676089770125
	accuracy_test:   0.9099733333333333
	roc_auc_test:   0.8495425370273111
	recall_test:   0.0375

