EXPERIMENT 18: GRADIENT BOOSTING

Parameters
	n_estimators:   80
	max_depth:   5
	random_state:   42
	weighted:   False
	scale_pos_weight:   10.11111111111111

Model
Features importance: [0.01278228 0.00213038 0.00468683 0.0017043  0.00852152 0.00298253
 0.00979974 0.00468683 0.00213038 0.0017043  0.01278228 0.02045164
 0.00085215 0.00127823 0.00553899 0.01789518 0.00468683 0.00255646
 0.04985087 0.00255646 0.00894759 0.00340861 0.00937367 0.00255646
 0.00937367 0.00809544 0.01107797 0.00085215 0.01959949 0.01576481
 0.03152961 0.00468683 0.05879847 0.00852152 0.00213038 0.00852152
 0.00766937 0.00426076 0.01448658 0.00596506 0.02172987 0.00724329
 0.01150405 0.02599063 0.00553899 0.00937367 0.00724329 0.00426076
 0.00255646 0.00213038 0.02130379 0.02002556 0.00298253 0.00255646
 0.00042608 0.00852152 0.04857264 0.01022582 0.00213038 0.00511291
 0.00468683 0.00553899 0.00298253 0.0017043  0.02002556 0.0017043
 0.00511291 0.00511291 0.00127823 0.03493822 0.01533873 0.00042608
 0.0017043  0.02599063 0.00511291 0.01448658 0.00298253 0.06604175
 0.0017043  0.00383468 0.00255646 0.00468683 0.06689391 0.00255646
 0.01278228 0.00127823 0.00852152 0.04857264 0.00596506 0.00085215]

Data shape
	X_train:   (300000, 90)
	y_train:   (300000,)
	X_test:   (150000, 90)
	y_test:   (150000,)

Results on train set
	brier_loss_train:   0.03036269999499648
	loss_train:   0.12435348260258965
	accuracy_train:   0.9669866666666667
	roc_auc_train:   0.9964846504544838
	recall_train:   0.978037037037037

Results on test set
	brier_loss_test:   0.11158640455592336
	loss_test:   0.40340721416858333
	accuracy_test:   0.86156
	roc_auc_test:   0.6067255832098766
	recall_test:   0.09053333333333333

