EXPERIMENT 13: GRADIENT BOOSTING

Parameters
	n_estimators:   80
	max_depth:   8
	random_state:   42
	weighted:   True
	scale_pos_weight:   10.11111111111111

Model
Features importance: [0.01594586 0.00598942 0.00801182 0.0066117  0.01018979 0.00715619
 0.01205663 0.00707841 0.00700062 0.00466708 0.00972309 0.01975731
 0.00614499 0.00443373 0.00676727 0.01540137 0.00653391 0.0045893
 0.03375855 0.00497822 0.0106565  0.00723398 0.00427816 0.00614499
 0.00528936 0.00910081 0.01330118 0.00785625 0.02107965 0.02006845
 0.02535781 0.00684505 0.03725887 0.00801182 0.00591164 0.00995644
 0.01275669 0.00707841 0.0132234  0.0066117  0.01757934 0.00878967
 0.01213441 0.02263535 0.00676727 0.0096453  0.00575607 0.00396702
 0.00668948 0.00754511 0.01820162 0.01890168 0.00622278 0.00342253
 0.00077785 0.01151213 0.03624767 0.00878967 0.00497822 0.00777847
 0.00575607 0.00933416 0.00451151 0.00342253 0.01369011 0.00132234
 0.00855632 0.00396702 0.00373367 0.02901369 0.00816739 0.00186683
 0.00466708 0.02356876 0.00668948 0.0116677  0.00318917 0.04962663
 0.00474487 0.00723398 0.0066117  0.00770068 0.04783759 0.00707841
 0.01369011 0.0076229  0.00972309 0.03290293 0.00622278 0.00272246]

Data shape
	X_train:   (300000, 90)
	y_train:   (300000,)
	X_test:   (150000, 90)
	y_test:   (150000,)

Results on train set
	brier_loss_train:   0.007000996787102231
	loss_train:   0.040095806292308696
	accuracy_train:   0.9943566666666667
	roc_auc_train:   0.9999172528150861
	recall_train:   0.9988888888888889

Results on test set
	brier_loss_test:   0.11117487326260674
	loss_test:   0.47102507969818735
	accuracy_test:   0.8728066666666666
	roc_auc_test:   0.57533452
	recall_test:   0.013333333333333334

