EXPERIMENT 134: GRADIENT BOOSTING

Parameters
	n_estimators:   40
	max_depth:   8
	random_state:   42
	weighted:   False
	scale_pos_weight:   1

Model
Features importance: [0.00919681 0.00597793 0.003832   0.00597793 0.003832   0.00551809
 0.00567137 0.01640098 0.00367872 0.00444513 0.01379522 0.01348866
 0.00321888 0.00444513 0.00321888 0.00659105 0.00413857 0.00444513
 0.02759043 0.00674433 0.00367872 0.00413857 0.00107296 0.0015328
 0.00459841 0.00567137 0.00597793 0.00398529 0.02191907 0.01563458
 0.03341508 0.0022992  0.05487431 0.01256898 0.00490497 0.00689761
 0.00935009 0.00628449 0.00551809 0.00398529 0.01057633 0.01072961
 0.01164929 0.01532802 0.00735745 0.00843041 0.00567137 0.00245248
 0.003832   0.00812385 0.01578786 0.02605763 0.01164929 0.00413857
 0.0007664  0.00812385 0.03540773 0.00812385 0.00490497 0.01425506
 0.00505825 0.00766401 0.00659105 0.00398529 0.01364194 0.00413857
 0.00521153 0.0007664  0.02682403 0.07679338 0.00536481 0.00061312
 0.00551809 0.00720417 0.00321888 0.01072961 0.00797057 0.06912937
 0.00643777 0.00551809 0.00567137 0.00858369 0.05364807 0.00505825
 0.02851012 0.00459841 0.00551809 0.03479461 0.00413857 0.00321888]

Data shape
	X_train:   (300000, 90)
	y_train:   (300000,)
	X_test:   (150000, 90)
	y_test:   (150000,)

Results on train set
	brier_loss_train:   0.006776186154275824
	loss_train:   0.039478375383648866
	accuracy_train:   0.9913866666666666
	roc_auc_train:   0.9994933889180672
	recall_train:   0.9115

Results on test set
	brier_loss_test:   0.07469900821191114
	loss_test:   0.28515435294122743
	accuracy_test:   0.9140466666666667
	roc_auc_test:   0.8357095173319327
	recall_test:   0.088

