EXPERIMENT 139: GRADIENT BOOSTING

Parameters
	n_estimators:   40
	max_depth:   4
	random_state:   42
	weighted:   True
	scale_pos_weight:   1

Model
Features importance: [0.00682594 0.         0.         0.00170648 0.         0.
 0.         0.01535836 0.         0.         0.00341297 0.01194539
 0.         0.         0.         0.         0.         0.00170648
 0.03412969 0.         0.         0.         0.         0.
 0.         0.         0.         0.         0.00170648 0.00853242
 0.03583618 0.         0.1109215  0.01706485 0.         0.00511945
 0.00341297 0.         0.00170648 0.         0.00341297 0.00341297
 0.         0.01535836 0.00341297 0.00170648 0.00170648 0.
 0.00170648 0.         0.02559727 0.03242321 0.00511945 0.00511945
 0.         0.00170648 0.05119454 0.         0.00341297 0.01706485
 0.00341297 0.00682594 0.00511945 0.         0.00682594 0.
 0.00341297 0.         0.02559727 0.1109215  0.         0.
 0.         0.01365188 0.00341297 0.00853242 0.00511945 0.12969284
 0.         0.         0.         0.         0.12286689 0.
 0.03754266 0.         0.00341297 0.0784983  0.00341297 0.        ]

Data shape
	X_train:   (300000, 90)
	y_train:   (300000,)
	X_test:   (150000, 90)
	y_test:   (150000,)

Results on train set
	brier_loss_train:   0.02628898188966462
	loss_train:   0.11092771829737351
	accuracy_train:   0.96767
	roc_auc_train:   0.981390628545168
	recall_train:   0.6791785714285714

Results on test set
	brier_loss_test:   0.06292282887458692
	loss_test:   0.22655096269698194
	accuracy_test:   0.9245666666666666
	roc_auc_test:   0.8722868610819328
	recall_test:   0.2125

