EXPERIMENT 148: GRADIENT BOOSTING

Parameters
	n_estimators:   20
	max_depth:   5
	random_state:   42
	weighted:   False
	scale_pos_weight:   1

Model
Features importance: [0.01164725 0.00332779 0.         0.00166389 0.         0.00166389
 0.00332779 0.02329451 0.         0.         0.00332779 0.00831947
 0.         0.         0.00332779 0.00665557 0.00332779 0.00166389
 0.02163061 0.         0.         0.00166389 0.         0.00332779
 0.         0.         0.         0.         0.01830283 0.00665557
 0.02995008 0.         0.11813644 0.0249584  0.00665557 0.
 0.00166389 0.         0.00499168 0.00166389 0.00332779 0.00499168
 0.01497504 0.01164725 0.00499168 0.         0.         0.
 0.         0.00332779 0.02995008 0.02163061 0.00166389 0.00665557
 0.         0.         0.03327787 0.         0.00332779 0.01497504
 0.00499168 0.00831947 0.00166389 0.         0.00332779 0.
 0.         0.00166389 0.0266223  0.13311148 0.         0.00166389
 0.         0.         0.00332779 0.00332779 0.00998336 0.1014975
 0.         0.00332779 0.00166389 0.         0.11980033 0.
 0.03161398 0.         0.         0.07154742 0.00499168 0.00166389]

Data shape
	X_train:   (300000, 90)
	y_train:   (300000,)
	X_test:   (150000, 90)
	y_test:   (150000,)

Results on train set
	brier_loss_train:   0.03282988634718053
	loss_train:   0.16001061060665797
	accuracy_train:   0.9667733333333334
	roc_auc_train:   0.9654742654280463
	recall_train:   0.6835

Results on test set
	brier_loss_test:   0.062382849052158164
	loss_test:   0.2383452895042797
	accuracy_test:   0.9284133333333333
	roc_auc_test:   0.8707538876050419
	recall_test:   0.27964285714285714

