EXPERIMENT 118: GRADIENT BOOSTING

Parameters
	n_estimators:   80
	max_depth:   5
	random_state:   42
	weighted:   False
	scale_pos_weight:   1

Model
Features importance: [0.00754215 0.00133097 0.00088731 0.00354925 0.0079858  0.00310559
 0.00221828 0.02173913 0.00088731 0.         0.00842946 0.01286602
 0.00133097 0.         0.00354925 0.00665484 0.00266193 0.00133097
 0.02440106 0.00221828 0.00044366 0.0039929  0.00044366 0.00177462
 0.00088731 0.00532387 0.00488021 0.00044366 0.01996451 0.01952085
 0.03549246 0.00177462 0.06699201 0.00931677 0.00443656 0.00532387
 0.00443656 0.00310559 0.00576752 0.00621118 0.01064774 0.00621118
 0.00842946 0.0190772  0.00266193 0.00221828 0.00532387 0.00088731
 0.00044366 0.0039929  0.01863354 0.03194321 0.00621118 0.0039929
 0.00088731 0.00532387 0.05323869 0.00443656 0.00532387 0.01508429
 0.00842946 0.0079858  0.00488021 0.00044366 0.01685892 0.00133097
 0.00754215 0.00044366 0.02218279 0.09804791 0.00576752 0.00665484
 0.00266193 0.00887311 0.00133097 0.00842946 0.00443656 0.09094942
 0.00310559 0.00665484 0.00310559 0.00177462 0.05856255 0.00266193
 0.03460515 0.00088731 0.01064774 0.05235137 0.00443656 0.00576752]

Data shape
	X_train:   (300000, 90)
	y_train:   (300000,)
	X_test:   (150000, 90)
	y_test:   (150000,)

Results on train set
	brier_loss_train:   0.011687694338020348
	loss_train:   0.05059203789394135
	accuracy_train:   0.98489
	roc_auc_train:   0.9975289613970588
	recall_train:   0.8523214285714286

Results on test set
	brier_loss_test:   0.07062146149441706
	loss_test:   0.26846487894461646
	accuracy_test:   0.9156266666666667
	roc_auc_test:   0.8792212457983194
	recall_test:   0.1055

