EXPERIMENT 130: GRADIENT BOOSTING

Parameters
	n_estimators:   60
	max_depth:   4
	random_state:   42
	weighted:   False
	scale_pos_weight:   1

Model
Features importance: [0.00805524 0.         0.         0.00460299 0.00115075 0.
 0.         0.02186421 0.         0.         0.00345224 0.01265823
 0.         0.         0.00115075 0.00345224 0.         0.00115075
 0.03452244 0.         0.         0.0023015  0.         0.
 0.         0.         0.         0.         0.01265823 0.01035673
 0.04027618 0.         0.09781358 0.01150748 0.         0.00575374
 0.00805524 0.         0.00115075 0.         0.00460299 0.00690449
 0.00345224 0.01841197 0.0023015  0.00115075 0.0023015  0.
 0.0023015  0.         0.01841197 0.03797468 0.00690449 0.00345224
 0.         0.0023015  0.05983889 0.         0.00345224 0.02071346
 0.0023015  0.01035673 0.00805524 0.         0.01150748 0.
 0.00460299 0.         0.02071346 0.10126583 0.00460299 0.00345224
 0.         0.01150748 0.0023015  0.00690449 0.00460299 0.10817031
 0.         0.         0.         0.         0.10011508 0.00115075
 0.04487917 0.         0.00805524 0.06674338 0.0023015  0.        ]

Data shape
	X_train:   (300000, 90)
	y_train:   (300000,)
	X_test:   (150000, 90)
	y_test:   (150000,)

Results on train set
	brier_loss_train:   0.02126494761140011
	loss_train:   0.08768100230461995
	accuracy_train:   0.9726633333333333
	roc_auc_train:   0.9888134447216387
	recall_train:   0.7296785714285714

Results on test set
	brier_loss_test:   0.06487872599773037
	loss_test:   0.23366226460730502
	accuracy_test:   0.9212733333333334
	roc_auc_test:   0.8781270971638655
	recall_test:   0.175

