EXPERIMENT 138: GRADIENT BOOSTING

Parameters
	n_estimators:   40
	max_depth:   5
	random_state:   42
	weighted:   False
	scale_pos_weight:   1

Model
Features importance: [0.00855432 0.00171086 0.         0.00085543 0.00427716 0.0025663
 0.0025663  0.0188195  0.00085543 0.         0.00769889 0.01197605
 0.00085543 0.         0.00171086 0.00342173 0.00171086 0.00171086
 0.02566296 0.00085543 0.         0.0025663  0.00085543 0.00171086
 0.         0.00171086 0.0025663  0.00085543 0.01967494 0.01539778
 0.03592815 0.00085543 0.09837468 0.01710864 0.00427716 0.00171086
 0.0025663  0.         0.00342173 0.00342173 0.00598802 0.00684346
 0.01112062 0.01368691 0.0025663  0.00085543 0.00171086 0.
 0.         0.00513259 0.02480753 0.03079555 0.0025663  0.00598802
 0.         0.00171086 0.04790419 0.00085543 0.00427716 0.01112062
 0.00598802 0.00598802 0.00427716 0.         0.01454234 0.
 0.0025663  0.00085543 0.02737382 0.11035073 0.0025663  0.00427716
 0.         0.00855432 0.0025663  0.00598802 0.00684346 0.10350727
 0.00085543 0.00342173 0.00171086 0.00085543 0.0855432  0.00085543
 0.03592815 0.         0.00513259 0.06757913 0.00427716 0.00085543]

Data shape
	X_train:   (300000, 90)
	y_train:   (300000,)
	X_test:   (150000, 90)
	y_test:   (150000,)

Results on train set
	brier_loss_train:   0.020268937390481072
	loss_train:   0.08915590858741974
	accuracy_train:   0.9744433333333333
	roc_auc_train:   0.9897568379726891
	recall_train:   0.7478571428571429

Results on test set
	brier_loss_test:   0.06446630233558985
	loss_test:   0.2327138556817919
	accuracy_test:   0.9222066666666666
	roc_auc_test:   0.8691255711659663
	recall_test:   0.18478571428571428

