EXPERIMENT 108: GRADIENT BOOSTING

Parameters
	n_estimators:   100
	max_depth:   5
	random_state:   42
	weighted:   False
	scale_pos_weight:   1

Model
Features importance: [0.00777385 0.00106007 0.00141343 0.00353357 0.00848057 0.00388693
 0.00282686 0.0229682  0.00141343 0.00035336 0.00989399 0.01378092
 0.0024735  0.00070671 0.00388693 0.00742049 0.0024735  0.00106007
 0.02402827 0.0024735  0.00070671 0.00459364 0.00070671 0.00176678
 0.0024735  0.00706714 0.00671378 0.00106007 0.01908127 0.0204947
 0.03568904 0.00141343 0.06042403 0.00777385 0.00424028 0.00706714
 0.00459364 0.00353357 0.00565371 0.00742049 0.01272085 0.00636042
 0.01024735 0.01766784 0.00353357 0.00424028 0.00530035 0.0024735
 0.00070671 0.00424028 0.01766784 0.03109541 0.00777385 0.00353357
 0.00070671 0.00600707 0.05229682 0.004947   0.00424028 0.01378092
 0.00848057 0.00848057 0.00600707 0.00106007 0.01660777 0.00282686
 0.00954064 0.00035336 0.02120141 0.09363957 0.00671378 0.00671378
 0.00424028 0.00777385 0.00141343 0.01095406 0.004947   0.08657244
 0.00353357 0.00636042 0.00424028 0.0024735  0.05123675 0.00212014
 0.0335689  0.00070671 0.01024735 0.04452297 0.00388693 0.00565371]

Data shape
	X_train:   (300000, 90)
	y_train:   (300000,)
	X_test:   (150000, 90)
	y_test:   (150000,)

Results on train set
	brier_loss_train:   0.008942224706898353
	loss_train:   0.039854445484084525
	accuracy_train:   0.9885966666666667
	roc_auc_train:   0.9988195389311975
	recall_train:   0.8901071428571429

Results on test set
	brier_loss_test:   0.07410395901092838
	loss_test:   0.29502321707572265
	accuracy_test:   0.9127333333333333
	roc_auc_test:   0.8722280207457983
	recall_test:   0.07142857142857142

