EXPERIMENT 103: GRADIENT BOOSTING

Parameters
	n_estimators:   100
	max_depth:   8
	random_state:   42
	weighted:   True
	scale_pos_weight:   1

Model
Features importance: [0.00864574 0.0051024  0.00411027 0.00545674 0.00609454 0.00602367
 0.00517327 0.01955921 0.0038268  0.0040394  0.01311034 0.01580327
 0.0029764  0.00411027 0.0044646  0.008504   0.0044646  0.00453547
 0.02607895 0.0059528  0.00418114 0.0061654  0.00099213 0.00368507
 0.00602367 0.00779534 0.00715754 0.00418114 0.01998441 0.01934661
 0.03465382 0.0040394  0.04237829 0.00970874 0.00602367 0.00985047
 0.01027567 0.00694494 0.0068032  0.0055276  0.01466941 0.01020481
 0.01105521 0.01785841 0.00673234 0.0076536  0.00793707 0.003189
 0.00418114 0.007441   0.01396074 0.02274821 0.01225994 0.0046772
 0.00056693 0.00900007 0.03656722 0.00715754 0.005315   0.01403161
 0.00772447 0.00843314 0.00609454 0.00418114 0.01615761 0.0065906
 0.00772447 0.00120473 0.02133088 0.0681029  0.0072284  0.0012756
 0.00644887 0.00793707 0.00453547 0.0114804  0.00708667 0.06144143
 0.00715754 0.00928354 0.006378   0.0089292  0.03911842 0.00602367
 0.02622068 0.00517327 0.00864574 0.02671675 0.00517327 0.00524414]

Data shape
	X_train:   (300000, 90)
	y_train:   (300000,)
	X_test:   (150000, 90)
	y_test:   (150000,)

Results on train set
	brier_loss_train:   0.0005991656869970766
	loss_train:   0.006105325713749262
	accuracy_train:   0.99967
	roc_auc_train:   0.9999997070640756
	recall_train:   0.9965

Results on test set
	brier_loss_test:   0.0861189177136872
	loss_test:   0.44965535934701356
	accuracy_test:   0.90814
	roc_auc_test:   0.8259432744222688
	recall_test:   0.01707142857142857

