EXPERIMENT 28: GRADIENT BOOSTING

Parameters
	n_estimators:   60
	max_depth:   5
	random_state:   42
	weighted:   False
	scale_pos_weight:   10.11111111111111

Model
Features importance: [0.01295775 0.00169014 0.00450704 0.00169014 0.00901408 0.0028169
 0.00788732 0.00507042 0.0028169  0.00056338 0.01014084 0.02084507
 0.00112676 0.00112676 0.0056338  0.01915493 0.00394366 0.00225352
 0.05295775 0.00169014 0.00619718 0.0028169  0.01014084 0.00169014
 0.01070422 0.00732394 0.01070422 0.00056338 0.01690141 0.01352113
 0.03492958 0.00507042 0.06816901 0.0084507  0.00169014 0.00732394
 0.00788732 0.00450704 0.01464789 0.00676056 0.02084507 0.0056338
 0.01239437 0.02253521 0.00507042 0.01070422 0.00732394 0.00338028
 0.00169014 0.00112676 0.02422535 0.02084507 0.00225352 0.00112676
 0.00056338 0.00732394 0.04957746 0.00957747 0.00225352 0.0028169
 0.00507042 0.00450704 0.00338028 0.00225352 0.01690141 0.00112676
 0.00450704 0.00507042 0.00169014 0.0371831  0.01521127 0.
 0.00225352 0.02816901 0.0056338  0.01352113 0.00394366 0.07211268
 0.00056338 0.00338028 0.00169014 0.00338028 0.07323944 0.0028169
 0.0084507  0.00056338 0.00732394 0.05126761 0.00507042 0.00056338]

Data shape
	X_train:   (300000, 90)
	y_train:   (300000,)
	X_test:   (150000, 90)
	y_test:   (150000,)

Results on train set
	brier_loss_train:   0.0386333703965417
	loss_train:   0.1552432225954711
	accuracy_train:   0.9579766666666667
	roc_auc_train:   0.9938991122642789
	recall_train:   0.9648148148148148

Results on test set
	brier_loss_test:   0.10996381011485108
	loss_test:   0.3760313982033031
	accuracy_test:   0.86024
	roc_auc_test:   0.634876494074074
	recall_test:   0.11213333333333333

