EXPERIMENT 22: GRADIENT BOOSTING

Parameters
	n_estimators:   60
	max_depth:   10
	random_state:   42
	weighted:   False
	scale_pos_weight:   10.11111111111111

Model
Features importance: [0.0170778  0.00736424 0.0111593  0.00695762 0.0124695  0.00939731
 0.01287612 0.00781603 0.00695762 0.00691244 0.01075269 0.01789103
 0.00713834 0.00478901 0.00691244 0.0144574  0.00673172 0.00587332
 0.0352399  0.00609921 0.00926177 0.00808711 0.00411132 0.00691244
 0.00664137 0.00993946 0.01472847 0.00849372 0.02132466 0.01820728
 0.02295112 0.0072287  0.03451703 0.00912623 0.00542152 0.00926177
 0.01377971 0.00804193 0.01536098 0.00736424 0.01617421 0.00926177
 0.01206289 0.02186681 0.00605403 0.00804193 0.00777085 0.00280112
 0.00695762 0.00817746 0.01694226 0.0173037  0.00618957 0.0041565
 0.00140056 0.0113852  0.03474293 0.00786121 0.00492455 0.00790639
 0.00573778 0.00781603 0.00533116 0.00474383 0.01319237 0.00149092
 0.00709316 0.00248487 0.00420168 0.02498419 0.00804193 0.00103913
 0.00650583 0.02118912 0.00718352 0.01134002 0.00406614 0.05010391
 0.00627993 0.00885515 0.00627993 0.00840336 0.03912533 0.00975874
 0.01197253 0.00718352 0.00813229 0.02914069 0.00673172 0.00397578]

Data shape
	X_train:   (300000, 90)
	y_train:   (300000,)
	X_test:   (150000, 90)
	y_test:   (150000,)

Results on train set
	brier_loss_train:   0.004206209265071841
	loss_train:   0.030334288297931975
	accuracy_train:   0.9972666666666666
	roc_auc_train:   0.9999771762990096
	recall_train:   0.9997037037037036

Results on test set
	brier_loss_test:   0.10956661368800198
	loss_test:   0.4454993517174393
	accuracy_test:   0.87426
	roc_auc_test:   0.6169305874074075
	recall_test:   0.014

