EXPERIMENT 23: GRADIENT BOOSTING

Parameters
	n_estimators:   60
	max_depth:   8
	random_state:   42
	weighted:   True
	scale_pos_weight:   10.11111111111111

Model
Features importance: [0.01641171 0.00557188 0.00790193 0.00699017 0.01083983 0.00658495
 0.01073853 0.00638233 0.00678756 0.00466012 0.00972546 0.01955222
 0.00638233 0.00455881 0.00709148 0.01560126 0.00607841 0.0044575
 0.03555871 0.00486273 0.00992807 0.00719279 0.00466012 0.00557188
 0.00486273 0.00942154 0.01286597 0.0073954  0.0206666  0.01965353
 0.02694762 0.00648364 0.04062405 0.00790193 0.00496404 0.00932023
 0.01266336 0.00688887 0.01337251 0.00638233 0.01803262 0.00820586
 0.01276466 0.02289535 0.00668625 0.0088137  0.00607841 0.00344443
 0.00607841 0.00699017 0.0192483  0.01894438 0.00607841 0.00334313
 0.00081045 0.01124506 0.0398136  0.00709148 0.00476142 0.00719279
 0.00526796 0.00921892 0.00374835 0.0029379  0.01398035 0.00081045
 0.00759801 0.00384966 0.00344443 0.02907507 0.00800324 0.00172222
 0.00405227 0.0237058  0.00729409 0.01215682 0.00364705 0.05359133
 0.00405227 0.00759801 0.0059771  0.00628103 0.05065343 0.00628103
 0.01347381 0.00678756 0.00921892 0.03424172 0.00617972 0.00212744]

Data shape
	X_train:   (300000, 90)
	y_train:   (300000,)
	X_test:   (150000, 90)
	y_test:   (150000,)

Results on train set
	brier_loss_train:   0.012586403316936428
	loss_train:   0.06438613751865399
	accuracy_train:   0.98856
	roc_auc_train:   0.9995903113553113
	recall_train:   0.9949629629629629

Results on test set
	brier_loss_test:   0.11246527607716768
	loss_test:   0.42501265851783876
	accuracy_test:   0.8655933333333333
	roc_auc_test:   0.5946281182716049
	recall_test:   0.022533333333333332

