EXPERIMENT 29: GRADIENT BOOSTING

Parameters
	n_estimators:   60
	max_depth:   4
	random_state:   42
	weighted:   True
	scale_pos_weight:   10.11111111111111

Model
Features importance: [0.00675676 0.         0.00225225 0.         0.00788288 0.
 0.00675676 0.00337838 0.00112613 0.         0.00788288 0.0213964
 0.         0.00337838 0.00675676 0.02252252 0.0045045  0.00225225
 0.05518018 0.00225225 0.00563063 0.00225225 0.01576577 0.00112613
 0.01013513 0.01013513 0.00225225 0.         0.00788288 0.01351351
 0.04166667 0.00225225 0.09009009 0.00563063 0.         0.00788288
 0.00337838 0.0045045  0.01238739 0.00675676 0.01576577 0.00225225
 0.         0.03265766 0.00225225 0.01351351 0.00788288 0.00225225
 0.         0.         0.02927928 0.02252252 0.00563063 0.00225225
 0.         0.00788288 0.0518018  0.00563063 0.         0.00112613
 0.0045045  0.01126126 0.00225225 0.00225225 0.01351351 0.
 0.00337838 0.00337838 0.00225225 0.04842342 0.01238739 0.
 0.00337838 0.02364865 0.00225225 0.01576577 0.0045045  0.08333334
 0.         0.         0.00112613 0.00225225 0.07995495 0.00225225
 0.01013513 0.         0.0045045  0.05855856 0.0045045  0.        ]

Data shape
	X_train:   (300000, 90)
	y_train:   (300000,)
	X_test:   (150000, 90)
	y_test:   (150000,)

Results on train set
	brier_loss_train:   0.05210695375143349
	loss_train:   0.1998202796577631
	accuracy_train:   0.9423833333333334
	roc_auc_train:   0.9878122560710895
	recall_train:   0.9442962962962963

Results on test set
	brier_loss_test:   0.11424906741674246
	loss_test:   0.3816993324044362
	accuracy_test:   0.85262
	roc_auc_test:   0.6269319101234568
	recall_test:   0.143

