EXPERIMENT 26: GRADIENT BOOSTING

Parameters
	n_estimators:   60
	max_depth:   6
	random_state:   42
	weighted:   False
	scale_pos_weight:   10.11111111111111

Model
Features importance: [0.01008902 0.0041543  0.00771513 0.00534125 0.01008902 0.00385757
 0.00771513 0.00534125 0.00534125 0.00445104 0.01008902 0.01394659
 0.00326409 0.00267062 0.00682493 0.01869436 0.00326409 0.00445104
 0.04332344 0.0041543  0.00682493 0.00445104 0.00712166 0.00474777
 0.00652819 0.00801187 0.01216617 0.00267062 0.01869436 0.01721068
 0.03442137 0.00563798 0.05163205 0.00919881 0.00356083 0.00979229
 0.0074184  0.00682493 0.015727   0.00356083 0.02017804 0.00860534
 0.01216617 0.02789317 0.00563798 0.00801187 0.00474777 0.00237389
 0.00593472 0.00593472 0.01988131 0.02136499 0.00326409 0.00267062
 0.00029674 0.00949555 0.04985163 0.00534125 0.00356083 0.00563798
 0.00296736 0.00504451 0.00385757 0.00029674 0.01602374 0.00059347
 0.00652819 0.00474777 0.00237389 0.03590504 0.01068249 0.00059347
 0.00326409 0.02433234 0.00593472 0.01097923 0.00445104 0.06795252
 0.00237389 0.00563798 0.00296736 0.00771513 0.06320475 0.00089021
 0.01186944 0.00267062 0.01038576 0.04540059 0.00474777 0.00178042]

Data shape
	X_train:   (300000, 90)
	y_train:   (300000,)
	X_test:   (150000, 90)
	y_test:   (150000,)

Results on train set
	brier_loss_train:   0.028877569538322635
	loss_train:   0.12212586860357086
	accuracy_train:   0.9690233333333333
	roc_auc_train:   0.9968791330891331
	recall_train:   0.9781111111111112

Results on test set
	brier_loss_test:   0.11299654360833614
	loss_test:   0.38999043912274917
	accuracy_test:   0.8566133333333333
	roc_auc_test:   0.620975597037037
	recall_test:   0.05506666666666667

