EXPERIMENT 20: GRADIENT BOOSTING

Parameters
	n_estimators:   80
	max_depth:   4
	random_state:   42
	weighted:   False
	scale_pos_weight:   10.11111111111111

Model
Features importance: [0.00677392 0.         0.00338696 0.         0.0084674  0.00084674
 0.00762066 0.00338696 0.00254022 0.00084674 0.00931414 0.02032176
 0.         0.00338696 0.0084674  0.02201524 0.00592718 0.00338696
 0.05165114 0.00338696 0.0084674  0.00254022 0.01439458 0.00254022
 0.01100762 0.01185436 0.00762066 0.         0.00931414 0.01524132
 0.03725656 0.00338696 0.07874683 0.00508044 0.00169348 0.00677392
 0.00338696 0.00508044 0.0127011  0.00677392 0.01862828 0.0042337
 0.00169348 0.0296359  0.00254022 0.01354784 0.00677392 0.00169348
 0.         0.00169348 0.02709568 0.02201524 0.00592718 0.00254022
 0.         0.0084674  0.0465707  0.00677392 0.         0.00254022
 0.0042337  0.01100762 0.00338696 0.00254022 0.01524132 0.
 0.00338696 0.00338696 0.00169348 0.04149026 0.01439458 0.
 0.00338696 0.02624894 0.00254022 0.0169348  0.00338696 0.07705335
 0.         0.         0.00169348 0.0042337  0.07874683 0.00169348
 0.00931414 0.         0.00677392 0.05334462 0.00592718 0.        ]

Data shape
	X_train:   (300000, 90)
	y_train:   (300000,)
	X_test:   (150000, 90)
	y_test:   (150000,)

Results on train set
	brier_loss_train:   0.043662855126522175
	loss_train:   0.16958361180260934
	accuracy_train:   0.9507766666666667
	roc_auc_train:   0.9915963188169855
	recall_train:   0.9562962962962963

Results on test set
	brier_loss_test:   0.11445288234566448
	loss_test:   0.3966069921302582
	accuracy_test:   0.8549866666666667
	roc_auc_test:   0.6050132024691358
	recall_test:   0.12353333333333333

