EXPERIMENT 3: GRADIENT BOOSTING

Parameters
	n_estimators:   100
	max_depth:   8
	random_state:   42
	weighted:   True
	scale_pos_weight:   10.11111111111111

Model
Features importance: [0.01476154 0.00624527 0.00870553 0.00643452 0.0099672  0.00725461
 0.01179662 0.00700227 0.0064976  0.00517285 0.00965178 0.01898814
 0.0057406  0.00485743 0.00744386 0.01602321 0.00693919 0.00485743
 0.0325511  0.0053621  0.01078728 0.00801161 0.00447893 0.00662377
 0.00561443 0.0099672  0.01431996 0.00782236 0.02201615 0.02031289
 0.02447641 0.00674994 0.03425435 0.00763311 0.00668685 0.01078728
 0.01324754 0.00693919 0.01337371 0.00700227 0.01652788 0.00908403
 0.01204895 0.02283623 0.00656069 0.00990411 0.00592985 0.00428968
 0.00719152 0.00782236 0.01810497 0.01905122 0.00624527 0.00365884
 0.000757   0.01097653 0.03419127 0.00946253 0.00492051 0.00794852
 0.00592985 0.00933636 0.0049836  0.00378501 0.01299521 0.00145092
 0.00839011 0.00441585 0.00353268 0.02863992 0.00832702 0.00182942
 0.00517285 0.02353015 0.00668685 0.01154428 0.00334343 0.04661872
 0.00510977 0.00725461 0.00706535 0.00820086 0.04529397 0.00775927
 0.01406763 0.00807469 0.01015645 0.03166793 0.00674994 0.00321726]

Data shape
	X_train:   (300000, 90)
	y_train:   (300000,)
	X_test:   (150000, 90)
	y_test:   (150000,)

Results on train set
	brier_loss_train:   0.003772914628785736
	loss_train:   0.02542798710486467
	accuracy_train:   0.9974533333333333
	roc_auc_train:   0.9999867918871252
	recall_train:   0.9999259259259259

Results on test set
	brier_loss_test:   0.11063154478773327
	loss_test:   0.5118450658881573
	accuracy_test:   0.8761466666666666
	roc_auc_test:   0.5656545879012345
	recall_test:   0.009866666666666666

