EXPERIMENT 31: GRADIENT BOOSTING

Parameters
	n_estimators:   40
	max_depth:   10
	random_state:   42
	weighted:   True
	scale_pos_weight:   10.11111111111111

Model
Features importance: [0.01909688 0.00828858 0.01180293 0.00736025 0.0123334  0.0092832
 0.01286387 0.00782441 0.00729395 0.00689609 0.01113984 0.01942842
 0.00736025 0.00457529 0.00656455 0.01432266 0.00663086 0.00530469
 0.0377959  0.00603408 0.00881904 0.00782441 0.00450898 0.00702871
 0.0061667  0.00901797 0.01485313 0.00828858 0.02035674 0.01657715
 0.02247862 0.00729395 0.03620449 0.00968106 0.00477422 0.00862012
 0.01359326 0.00828858 0.01525098 0.0061667  0.016975   0.00835488
 0.01273125 0.02274385 0.00556992 0.00755918 0.00762549 0.00278496
 0.00689609 0.0076918  0.01670977 0.01790332 0.00563623 0.00377959
 0.00139248 0.01094092 0.03600557 0.00702871 0.00484053 0.00702871
 0.00570254 0.00729395 0.0046416  0.00431006 0.01365957 0.00159141
 0.00689609 0.00212188 0.00431006 0.02605928 0.00828858 0.00092832
 0.00623301 0.02042305 0.00716133 0.01041045 0.0031165  0.05443936
 0.00550361 0.00815596 0.00636563 0.00729395 0.04024932 0.00888535
 0.01113984 0.00649824 0.00862012 0.03196074 0.00643193 0.0031165 ]

Data shape
	X_train:   (300000, 90)
	y_train:   (300000,)
	X_test:   (150000, 90)
	y_test:   (150000,)

Results on train set
	brier_loss_train:   0.011588446103597595
	loss_train:   0.06727532210756404
	accuracy_train:   0.99044
	roc_auc_train:   0.9996654135124134
	recall_train:   0.9938888888888889

Results on test set
	brier_loss_test:   0.11164689974480332
	loss_test:   0.399511693554058
	accuracy_test:   0.86474
	roc_auc_test:   0.6097119874074074
	recall_test:   0.0218

