EXPERIMENT 37: GRADIENT BOOSTING

Parameters
	n_estimators:   40
	max_depth:   5
	random_state:   42
	weighted:   True
	scale_pos_weight:   10.11111111111111

Model
Features importance: [0.01186441 0.00169492 0.00338983 0.00254237 0.00932203 0.00254237
 0.0059322  0.00508475 0.00338983 0.         0.01186441 0.0220339
 0.00084746 0.00169492 0.00508475 0.01694915 0.00254237 0.00084746
 0.06355932 0.00084746 0.0059322  0.00084746 0.01186441 0.00254237
 0.01101695 0.00932203 0.01016949 0.         0.01779661 0.01101695
 0.03644068 0.00423729 0.08135593 0.01016949 0.00084746 0.00508475
 0.00423729 0.00423729 0.01355932 0.00677966 0.01864407 0.00254237
 0.01101695 0.02118644 0.00254237 0.00847458 0.00847458 0.00254237
 0.00084746 0.00084746 0.02288136 0.0161017  0.00084746 0.00084746
 0.         0.0059322  0.05169491 0.00423729 0.00254237 0.00338983
 0.0059322  0.00423729 0.00169492 0.00254237 0.01271186 0.00084746
 0.00423729 0.00508475 0.00254237 0.04152542 0.01101695 0.
 0.00169492 0.02542373 0.00847458 0.01101695 0.00508475 0.08305085
 0.         0.00254237 0.00084746 0.00254237 0.08898305 0.00254237
 0.00508475 0.         0.00932203 0.05169491 0.00423729 0.        ]

Data shape
	X_train:   (300000, 90)
	y_train:   (300000,)
	X_test:   (150000, 90)
	y_test:   (150000,)

Results on train set
	brier_loss_train:   0.05170761189329
	loss_train:   0.20348828289322554
	accuracy_train:   0.9445566666666667
	roc_auc_train:   0.9884744436982771
	recall_train:   0.9431111111111111

Results on test set
	brier_loss_test:   0.10888947444211425
	loss_test:   0.35748340590623207
	accuracy_test:   0.8556466666666667
	roc_auc_test:   0.6810068049382716
	recall_test:   0.16513333333333333

