EXPERIMENT 34: GRADIENT BOOSTING

Parameters
	n_estimators:   40
	max_depth:   8
	random_state:   42
	weighted:   False
	scale_pos_weight:   10.11111111111111

Model
Features importance: [0.01703018 0.0059755  0.00761876 0.00731999 0.01105468 0.00702121
 0.01015835 0.00537795 0.00642366 0.00463101 0.01015835 0.02106364
 0.0059755  0.0047804  0.00731999 0.01538691 0.0059755  0.0047804
 0.03958769 0.0035853  0.0083657  0.00687183 0.00507918 0.00463101
 0.00448163 0.00746938 0.01284733 0.00567673 0.02061548 0.01807589
 0.02793546 0.00507918 0.04645951 0.0095608  0.00537795 0.00851509
 0.01284733 0.00791754 0.01299671 0.00552734 0.01807589 0.00791754
 0.01449059 0.02435016 0.00612489 0.00806693 0.00672244 0.00373469
 0.00567673 0.00642366 0.02016731 0.01747834 0.00552734 0.00283836
 0.00074694 0.0107559  0.04317299 0.00492979 0.0035853  0.00537795
 0.00463101 0.00911264 0.0035853  0.00224081 0.01404243 0.00044816
 0.00702121 0.00328653 0.00328653 0.03196893 0.00746938 0.00149388
 0.00343591 0.02435016 0.00702121 0.01030774 0.0035853  0.06065133
 0.00283836 0.00657305 0.00582611 0.00373469 0.05392889 0.00552734
 0.01254855 0.00702121 0.00926203 0.03420974 0.00507918 0.00179265]

Data shape
	X_train:   (300000, 90)
	y_train:   (300000,)
	X_test:   (150000, 90)
	y_test:   (150000,)

Results on train set
	brier_loss_train:   0.02366818342519995
	loss_train:   0.11005726139956465
	accuracy_train:   0.9768433333333333
	roc_auc_train:   0.9980689473612806
	recall_train:   0.9823703703703703

Results on test set
	brier_loss_test:   0.11465688552546119
	loss_test:   0.3896333730122882
	accuracy_test:   0.8549866666666667
	roc_auc_test:   0.6157578609876543
	recall_test:   0.0386

