EXPERIMENT 39: GRADIENT BOOSTING

Parameters
	n_estimators:   40
	max_depth:   4
	random_state:   42
	weighted:   True
	scale_pos_weight:   10.11111111111111

Model
Features importance: [0.00502513 0.         0.00335008 0.         0.00502513 0.
 0.00335008 0.00502513 0.         0.         0.01005025 0.02345059
 0.         0.00167504 0.00502513 0.01675042 0.00335008 0.00167504
 0.06197655 0.         0.         0.         0.01675042 0.
 0.01172529 0.01172529 0.         0.         0.01172529 0.01340033
 0.040201   0.00167504 0.1122278  0.00837521 0.         0.00335008
 0.00167504 0.00502513 0.01507538 0.00502513 0.01172529 0.
 0.         0.03015075 0.00167504 0.01172529 0.01172529 0.
 0.         0.         0.02847571 0.01675042 0.00167504 0.00167504
 0.         0.00502513 0.05527638 0.         0.         0.
 0.00502513 0.00670017 0.00167504 0.00335008 0.01340033 0.
 0.00167504 0.00167504 0.00335008 0.05025126 0.01005025 0.
 0.         0.02345059 0.00335008 0.01340033 0.00502513 0.0921273
 0.         0.         0.         0.00167504 0.10050251 0.00167504
 0.01172529 0.         0.00670017 0.05862647 0.00502513 0.        ]

Data shape
	X_train:   (300000, 90)
	y_train:   (300000,)
	X_test:   (150000, 90)
	y_test:   (150000,)

Results on train set
	brier_loss_train:   0.06542980395712134
	loss_train:   0.2457530674021598
	accuracy_train:   0.929
	roc_auc_train:   0.980312698684032
	recall_train:   0.920962962962963

Results on test set
	brier_loss_test:   0.1126978859147774
	loss_test:   0.36819355256439495
	accuracy_test:   0.8518866666666667
	roc_auc_test:   0.6688181493827161
	recall_test:   0.17666666666666667

