EXPERIMENT 36: GRADIENT BOOSTING

Parameters
	n_estimators:   40
	max_depth:   6
	random_state:   42
	weighted:   False
	scale_pos_weight:   10.11111111111111

Model
Features importance: [0.00661667 0.00308778 0.00705779 0.00617556 0.0074989  0.00485223
 0.00485223 0.00485223 0.00485223 0.00352889 0.00926334 0.01367446
 0.00352889 0.00132333 0.00529334 0.01720335 0.00441112 0.00308778
 0.05028672 0.00308778 0.00441112 0.00264667 0.00705779 0.00352889
 0.00573445 0.00661667 0.01279224 0.00176445 0.01720335 0.01499779
 0.03705337 0.00397    0.06131451 0.01102779 0.00264667 0.00970445
 0.00705779 0.00661667 0.01367446 0.00308778 0.01852669 0.00617556
 0.01499779 0.02558447 0.00529334 0.00485223 0.00573445 0.00176445
 0.00352889 0.00573445 0.02205558 0.02117336 0.00220556 0.00264667
 0.00044111 0.00970445 0.05822673 0.00397    0.00308778 0.00529334
 0.00352889 0.00485223 0.00352889 0.         0.01323335 0.
 0.00308778 0.00529334 0.00264667 0.04146449 0.00970445 0.00044111
 0.00308778 0.02382003 0.0074989  0.01058668 0.00352889 0.0798412
 0.00220556 0.00397    0.00176445 0.00441112 0.07322452 0.00088222
 0.01058668 0.00264667 0.01014557 0.04852227 0.00573445 0.00132333]

Data shape
	X_train:   (300000, 90)
	y_train:   (300000,)
	X_test:   (150000, 90)
	y_test:   (150000,)

Results on train set
	brier_loss_train:   0.042148891560751085
	loss_train:   0.17106916030431632
	accuracy_train:   0.9540133333333334
	roc_auc_train:   0.9925122172025505
	recall_train:   0.9585185185185185

Results on test set
	brier_loss_test:   0.11345651449437952
	loss_test:   0.37152557604980035
	accuracy_test:   0.8496866666666667
	roc_auc_test:   0.6492128898765431
	recall_test:   0.08413333333333334

