EXPERIMENT 49: GRADIENT BOOSTING

Parameters
	n_estimators:   20
	max_depth:   4
	random_state:   42
	weighted:   True
	scale_pos_weight:   10.11111111111111

Model
Features importance: [0.         0.         0.         0.         0.         0.
 0.00333333 0.00333333 0.         0.         0.01       0.02333333
 0.         0.         0.         0.01333333 0.00333333 0.
 0.08       0.         0.         0.         0.00666667 0.
 0.00666667 0.01333333 0.         0.         0.01333333 0.00666667
 0.04       0.         0.14666666 0.01333333 0.         0.
 0.         0.00333333 0.02       0.         0.01       0.
 0.         0.01333333 0.00333333 0.00333333 0.02333333 0.
 0.         0.         0.02       0.01       0.         0.00333333
 0.         0.00333333 0.06       0.         0.         0.
 0.00333333 0.00333333 0.         0.00333333 0.00666667 0.
 0.         0.         0.00333333 0.06333333 0.00666667 0.
 0.         0.02333333 0.00666667 0.         0.00333333 0.11333334
 0.         0.         0.         0.         0.11333334 0.
 0.01666667 0.         0.01333333 0.06333333 0.         0.        ]

Data shape
	X_train:   (300000, 90)
	y_train:   (300000,)
	X_test:   (150000, 90)
	y_test:   (150000,)

Results on train set
	brier_loss_train:   0.09407954859497443
	loss_train:   0.339381047467043
	accuracy_train:   0.91327
	roc_auc_train:   0.9669312837471171
	recall_train:   0.8824074074074074

Results on test set
	brier_loss_test:   0.12028288864728437
	loss_test:   0.3966605970954398
	accuracy_test:   0.84724
	roc_auc_test:   0.7126554750617284
	recall_test:   0.23213333333333333

