EXPERIMENT 44: GRADIENT BOOSTING

Parameters
	n_estimators:   20
	max_depth:   8
	random_state:   42
	weighted:   False
	scale_pos_weight:   10.11111111111111

Model
Features importance: [0.01784615 0.00676923 0.00553846 0.00769231 0.01046154 0.00676923
 0.00676923 0.00523077 0.00769231 0.00461538 0.01046154 0.02276923
 0.00646154 0.00338462 0.00523077 0.01569231 0.00707692 0.00646154
 0.048      0.00246154 0.00553846 0.00615385 0.004      0.00584615
 0.00307692 0.00923077 0.01323077 0.00553846 0.01876923 0.01476923
 0.02892308 0.00215385 0.05292308 0.01076923 0.00276923 0.00830769
 0.01261538 0.00861538 0.01230769 0.00584615 0.01815385 0.00830769
 0.01569231 0.02246154 0.00707692 0.00676923 0.00615385 0.00123077
 0.00430769 0.00738462 0.02123077 0.01353846 0.004      0.00338462
 0.00061538 0.01076923 0.04584615 0.00523077 0.00461538 0.00492308
 0.00461538 0.00769231 0.00184615 0.00123077 0.01261538 0.00061538
 0.00646154 0.00276923 0.00338462 0.03538461 0.00615385 0.00061538
 0.004      0.02123077 0.00923077 0.00923077 0.004      0.06830769
 0.00184615 0.00492308 0.00553846 0.00246154 0.05692308 0.00430769
 0.01107692 0.00523077 0.00892308 0.04276923 0.00492308 0.00123077]

Data shape
	X_train:   (300000, 90)
	y_train:   (300000,)
	X_test:   (150000, 90)
	y_test:   (150000,)

Results on train set
	brier_loss_train:   0.0504633612507665
	loss_train:   0.21645796498719602
	accuracy_train:   0.95348
	roc_auc_train:   0.9913857834079501
	recall_train:   0.9518888888888889

Results on test set
	brier_loss_test:   0.11961164316361904
	loss_test:   0.38812644380638994
	accuracy_test:   0.8383266666666667
	roc_auc_test:   0.6433902419753086
	recall_test:   0.0852

