EXPERIMENT 41: GRADIENT BOOSTING

Parameters
	n_estimators:   20
	max_depth:   10
	random_state:   42
	weighted:   True
	scale_pos_weight:   10.11111111111111

Model
Features importance: [0.02474414 0.00932763 0.01321415 0.00803213 0.01502785 0.00971628
 0.01399145 0.00764348 0.00790258 0.00777303 0.00984584 0.02020987
 0.00595932 0.00440472 0.00492292 0.0143801  0.00712528 0.00479337
 0.0428812  0.00427517 0.00725483 0.00634797 0.00336831 0.00647752
 0.00582977 0.00906853 0.01269594 0.00725483 0.02124627 0.0128255
 0.02357818 0.00660707 0.03653323 0.01127089 0.00466382 0.00906853
 0.0128255  0.00855033 0.0133437  0.00414561 0.01878482 0.00790258
 0.01528695 0.02228268 0.00582977 0.00751393 0.00570022 0.00168416
 0.00660707 0.00777303 0.01567561 0.01632336 0.00557067 0.00349786
 0.0012955  0.00958673 0.04029019 0.00673662 0.00362741 0.00531157
 0.00518202 0.00492292 0.00388651 0.00427517 0.0133437  0.00142506
 0.00634797 0.00207281 0.00336831 0.0277238  0.00842078 0.0005182
 0.00518202 0.02046897 0.00803213 0.00984584 0.00220236 0.06373882
 0.00401606 0.00660707 0.00582977 0.00660707 0.03705143 0.00751393
 0.01165954 0.00751393 0.00751393 0.03964244 0.00634797 0.00233191]

Data shape
	X_train:   (300000, 90)
	y_train:   (300000,)
	X_test:   (150000, 90)
	y_test:   (150000,)

Results on train set
	brier_loss_train:   0.03180131641755849
	loss_train:   0.1624556298813224
	accuracy_train:   0.9748666666666667
	roc_auc_train:   0.997078835639669
	recall_train:   0.9741851851851852

Results on test set
	brier_loss_test:   0.11346712669398265
	loss_test:   0.3736335817522307
	accuracy_test:   0.8497933333333333
	roc_auc_test:   0.6297966111111111
	recall_test:   0.0418

