EXPERIMENT 48: GRADIENT BOOSTING

Parameters
	n_estimators:   20
	max_depth:   5
	random_state:   42
	weighted:   False
	scale_pos_weight:   10.11111111111111

Model
Features importance: [0.0066778  0.         0.0066778  0.00166945 0.0066778  0.0033389
 0.00500835 0.0033389  0.00500835 0.         0.01001669 0.02504174
 0.         0.00166945 0.         0.00834725 0.00166945 0.
 0.08347245 0.         0.00166945 0.00166945 0.01001669 0.
 0.00834725 0.01168614 0.00834725 0.         0.01335559 0.00500835
 0.03839733 0.00166945 0.0951586  0.01335559 0.         0.00500835
 0.         0.0066778  0.02003339 0.00166945 0.02337229 0.00166945
 0.01335559 0.02170284 0.00166945 0.00500835 0.01335559 0.00166945
 0.00166945 0.         0.02337229 0.00834725 0.         0.00166945
 0.         0.0033389  0.05175292 0.         0.00166945 0.0033389
 0.0033389  0.0033389  0.         0.         0.00834725 0.
 0.0033389  0.0066778  0.00166945 0.05008347 0.0066778  0.
 0.         0.02504174 0.01502504 0.0033389  0.00500835 0.0918197
 0.         0.00166945 0.         0.         0.10684474 0.0033389
 0.00500835 0.         0.01335559 0.05509182 0.0033389  0.        ]

Data shape
	X_train:   (300000, 90)
	y_train:   (300000,)
	X_test:   (150000, 90)
	y_test:   (150000,)

Results on train set
	brier_loss_train:   0.08031054070546265
	loss_train:   0.30198773414913566
	accuracy_train:   0.9235933333333334
	roc_auc_train:   0.9752302296838964
	recall_train:   0.9002962962962963

Results on test set
	brier_loss_test:   0.1176203677131897
	loss_test:   0.38787683618041374
	accuracy_test:   0.8481733333333333
	roc_auc_test:   0.7052209256790123
	recall_test:   0.24046666666666666

