EXPERIMENT 46: GRADIENT BOOSTING

Parameters
	n_estimators:   20
	max_depth:   6
	random_state:   42
	weighted:   False
	scale_pos_weight:   10.11111111111111

Model
Features importance: [0.00353669 0.00265252 0.00265252 0.00707339 0.00618921 0.00176835
 0.00265252 0.00265252 0.00884173 0.00265252 0.01061008 0.01591512
 0.00265252 0.         0.00088417 0.01061008 0.00265252 0.00442087
 0.0627763  0.00176835 0.00265252 0.00265252 0.00265252 0.00353669
 0.00265252 0.00618921 0.01591512 0.00176835 0.00972591 0.0132626
 0.03094606 0.00265252 0.06719717 0.01503095 0.00088417 0.01061008
 0.01061008 0.00707339 0.01768347 0.00265252 0.01591512 0.00442087
 0.01768347 0.0265252  0.00618921 0.00442087 0.00795756 0.00176835
 0.00265252 0.00618921 0.01945181 0.01679929 0.         0.00353669
 0.         0.00884173 0.06542882 0.00088417 0.00530504 0.00353669
 0.00530504 0.00530504 0.00176835 0.         0.01149425 0.
 0.00353669 0.00442087 0.00442087 0.05039788 0.00442087 0.
 0.         0.02122016 0.0132626  0.00884173 0.00353669 0.08753315
 0.00265252 0.00265252 0.         0.00176835 0.08488064 0.00088417
 0.00530504 0.00265252 0.01414677 0.05570292 0.00530504 0.00176835]

Data shape
	X_train:   (300000, 90)
	y_train:   (300000,)
	X_test:   (150000, 90)
	y_test:   (150000,)

Results on train set
	brier_loss_train:   0.0701910085027763
	loss_train:   0.27296472953889517
	accuracy_train:   0.9302233333333333
	roc_auc_train:   0.9815643784425451
	recall_train:   0.9212222222222223

Results on test set
	brier_loss_test:   0.12136654606350736
	loss_test:   0.39411611083554726
	accuracy_test:   0.8368
	roc_auc_test:   0.6699366318518518
	recall_test:   0.1614

