EXPERIMENT 51: GRADIENT BOOSTING

Parameters
	n_estimators:   100
	max_depth:   10
	random_state:   42
	weighted:   True
	scale_pos_weight:   1

Model
Features importance: [0.01330079 0.00413881 0.00703951 0.00859599 0.0110722  0.00573066
 0.00732251 0.01595387 0.00749938 0.00530617 0.00859599 0.00986947
 0.00820687 0.00753476 0.00413881 0.01535251 0.00689802 0.00343132
 0.02925466 0.00541229 0.01029396 0.0096926  0.00219322 0.00452793
 0.00856061 0.00820687 0.01404365 0.00838374 0.02801656 0.01598925
 0.01705048 0.00707489 0.03933638 0.01054158 0.00647352 0.00905586
 0.01924369 0.00714564 0.01517563 0.00739326 0.00696876 0.00732251
 0.00534154 0.0204818  0.00778238 0.01719198 0.00679189 0.00403269
 0.00700414 0.0065089  0.01266405 0.01888995 0.00976335 0.00431568
 0.00120273 0.01163819 0.02009268 0.01064771 0.00403269 0.00654427
 0.00633202 0.00902048 0.01018784 0.00597828 0.00261771 0.00191022
 0.00565991 0.00201634 0.0143974  0.03463158 0.01149669 0.00155648
 0.00590753 0.01662599 0.0110722  0.01149669 0.00562454 0.05366302
 0.00693339 0.00923273 0.00933885 0.00845449 0.03601118 0.007747
 0.02426687 0.00590753 0.00923273 0.03785065 0.00912661 0.00343132]

Data shape
	X_train:   (300000, 90)
	y_train:   (300000,)
	X_test:   (150000, 90)
	y_test:   (150000,)

Results on train set
	brier_loss_train:   4.757052912523212e-05
	loss_train:   0.0017093442748531986
	accuracy_train:   1.0
	roc_auc_train:   1.0
	recall_train:   1.0

Results on test set
	brier_loss_test:   0.07774116265442052
	loss_test:   0.411736335790947
	accuracy_test:   0.91562
	roc_auc_test:   0.8021197745648513
	recall_test:   0.045153846153846156

