EXPERIMENT 5: GRADIENT BOOSTING

Parameters
	n_estimators:   100
	max_depth:   6
	random_state:   42
	weighted:   True
	scale_pos_weight:   10.11111111111111

Model
Features importance: [0.01060329 0.00383912 0.00767825 0.00511883 0.0095064  0.00493601
 0.00895795 0.0047532  0.00658135 0.00530165 0.01151737 0.01572212
 0.00310786 0.00292505 0.00694698 0.01992687 0.00383912 0.00383912
 0.0369287  0.00420475 0.00932358 0.00603291 0.00804388 0.00621572
 0.00511883 0.00786106 0.01261426 0.00438757 0.02047532 0.0190128
 0.03071298 0.00658135 0.04186472 0.00786106 0.00438757 0.01115174
 0.00804388 0.00731261 0.01535649 0.00548446 0.0190128  0.00895795
 0.01078611 0.02705667 0.00493601 0.00859232 0.00566728 0.00402194
 0.00749543 0.00658135 0.0179159  0.0226691  0.00511883 0.00274223
 0.00018282 0.00968921 0.04680073 0.00840951 0.00402194 0.00639854
 0.00420475 0.00658135 0.00621572 0.00146252 0.01755027 0.00127971
 0.00767825 0.00511883 0.00255942 0.03400366 0.01023766 0.00073126
 0.00420475 0.02486289 0.00548446 0.01279708 0.00420475 0.05850092
 0.00310786 0.00603291 0.00457038 0.00639854 0.05301645 0.0023766
 0.0142596  0.00365631 0.00968921 0.04003656 0.00585009 0.00219378]

Data shape
	X_train:   (300000, 90)
	y_train:   (300000,)
	X_test:   (150000, 90)
	y_test:   (150000,)

Results on train set
	brier_loss_train:   0.015681283317327294
	loss_train:   0.07192770961186223
	accuracy_train:   0.9842266666666667
	roc_auc_train:   0.999282934201601
	recall_train:   0.9937037037037038

Results on test set
	brier_loss_test:   0.11384560486907969
	loss_test:   0.4524834612225171
	accuracy_test:   0.8648466666666667
	roc_auc_test:   0.5746639790123457
	recall_test:   0.033466666666666665

