EXPERIMENT 53: GRADIENT BOOSTING

Parameters
	n_estimators:   100
	max_depth:   8
	random_state:   42
	weighted:   True
	scale_pos_weight:   1

Model
Features importance: [0.01344911 0.00326435 0.00711628 0.00861788 0.01083763 0.00639812
 0.0060064  0.01606059 0.00757328 0.00489652 0.00855259 0.00874845
 0.00757328 0.00770386 0.00391722 0.01377554 0.00705099 0.00378664
 0.02839982 0.00554939 0.01025005 0.00972775 0.00208918 0.00391722
 0.00783443 0.00783443 0.01423255 0.00776915 0.02944441 0.01508128
 0.01645231 0.00672455 0.03930274 0.00914017 0.00574525 0.00809558
 0.01717046 0.00724685 0.01703989 0.0090096  0.00502709 0.00803029
 0.00574525 0.02141411 0.007508   0.01625645 0.00770386 0.00437422
 0.00561468 0.0060064  0.01162107 0.0199778  0.00816087 0.00326435
 0.00026115 0.01155579 0.02023895 0.01142521 0.00365607 0.00561468
 0.00633283 0.00946661 0.00979304 0.00574525 0.00241562 0.00182803
 0.0054841  0.00169746 0.01684403 0.03727884 0.01188222 0.00143631
 0.00496181 0.01710518 0.0120128  0.01011948 0.00496181 0.05967226
 0.00620226 0.00868316 0.00731214 0.00744271 0.03721355 0.00678984
 0.02578834 0.00515767 0.007508   0.05020566 0.00822615 0.00359078]

Data shape
	X_train:   (300000, 90)
	y_train:   (300000,)
	X_test:   (150000, 90)
	y_test:   (150000,)

Results on train set
	brier_loss_train:   0.0004064685429957878
	loss_train:   0.005104850229695597
	accuracy_train:   0.9998933333333333
	roc_auc_train:   0.9999999666624253
	recall_train:   0.9988965517241379

Results on test set
	brier_loss_test:   0.07688810531158022
	loss_test:   0.3628514693084014
	accuracy_test:   0.9152266666666666
	roc_auc_test:   0.8032256897810219
	recall_test:   0.04115384615384615

