EXPERIMENT 56: GRADIENT BOOSTING

Parameters
	n_estimators:   100
	max_depth:   6
	random_state:   42
	weighted:   False
	scale_pos_weight:   1

Model
Features importance: [0.00969808 0.0010979  0.00512351 0.00695334 0.01097896 0.00384263
 0.00567246 0.01829826 0.00585544 0.00274474 0.00548948 0.00695334
 0.00640439 0.00823422 0.00347667 0.01152791 0.00603843 0.00182983
 0.02872827 0.0053065  0.00768527 0.00969808 0.0010979  0.0042086
 0.00768527 0.00585544 0.01079597 0.00548948 0.03257091 0.0137237
 0.02195791 0.00402562 0.04336688 0.00933211 0.00512351 0.00860018
 0.01354071 0.00475755 0.01610247 0.00933211 0.0042086  0.00878317
 0.00457457 0.02415371 0.00695334 0.01537054 0.00512351 0.00329369
 0.00329369 0.00548948 0.01152791 0.02287283 0.00768527 0.00256176
 0.00036597 0.01463861 0.02415371 0.00786825 0.00494053 0.00329369
 0.00384263 0.00878317 0.00969808 0.00365965 0.00146386 0.00201281
 0.0042086  0.00128088 0.01646844 0.04720952 0.01317475 0.00219579
 0.00567246 0.01756633 0.01354071 0.01152791 0.0042086  0.0673376
 0.00713632 0.00658737 0.00475755 0.00567246 0.04354986 0.00439158
 0.03074108 0.00402562 0.00878317 0.07008234 0.00750229 0.00256176]

Data shape
	X_train:   (300000, 90)
	y_train:   (300000,)
	X_test:   (150000, 90)
	y_test:   (150000,)

Results on train set
	brier_loss_train:   0.0034286968042173066
	loss_train:   0.019418730268883713
	accuracy_train:   0.9965366666666666
	roc_auc_train:   0.9999136755312381
	recall_train:   0.967103448275862

Results on test set
	brier_loss_test:   0.07476494758131629
	loss_test:   0.3103534670991983
	accuracy_test:   0.9145066666666667
	roc_auc_test:   0.8124882891633913
	recall_test:   0.042

