EXPERIMENT 57: GRADIENT BOOSTING

Parameters
	n_estimators:   100
	max_depth:   5
	random_state:   42
	weighted:   True
	scale_pos_weight:   1

Model
Features importance: [0.00902151 0.         0.00381679 0.00520472 0.00971548 0.00069396
 0.00485774 0.01318529 0.00346981 0.00277585 0.00520472 0.00346981
 0.00485774 0.00902151 0.00069396 0.01179736 0.00416378 0.00138793
 0.03435114 0.00381679 0.0055517  0.00867453 0.00138793 0.00138793
 0.00624566 0.00520472 0.01040944 0.00277585 0.03747398 0.01006246
 0.02255378 0.00346981 0.05135323 0.01040944 0.00451076 0.01006246
 0.01630812 0.00416378 0.01804303 0.01040944 0.00104094 0.00936849
 0.00659264 0.02602359 0.00763359 0.01526718 0.00589868 0.00416378
 0.00208189 0.00346981 0.01145038 0.02741152 0.00693963 0.00277585
 0.00034698 0.0111034  0.02637058 0.00624566 0.00242887 0.00208189
 0.00138793 0.00798057 0.00728661 0.00451076 0.00173491 0.00034698
 0.00381679 0.00104094 0.01804303 0.04476058 0.00832755 0.00312283
 0.0055517  0.01700208 0.01700208 0.01040944 0.00208189 0.07807078
 0.00832755 0.00624566 0.00520472 0.00451076 0.04753643 0.00520472
 0.0315753  0.00416378 0.00659264 0.08986815 0.00589868 0.00173491]

Data shape
	X_train:   (300000, 90)
	y_train:   (300000,)
	X_test:   (150000, 90)
	y_test:   (150000,)

Results on train set
	brier_loss_train:   0.0066551324885880895
	loss_train:   0.03227150440223947
	accuracy_train:   0.9923433333333334
	roc_auc_train:   0.9995006456928361
	recall_train:   0.9281379310344827

Results on test set
	brier_loss_test:   0.07315469188677123
	loss_test:   0.2845959223839664
	accuracy_test:   0.9146733333333333
	roc_auc_test:   0.8227268877035373
	recall_test:   0.04607692307692308

