EXPERIMENT 62: GRADIENT BOOSTING

Parameters
	n_estimators:   80
	max_depth:   10
	random_state:   42
	weighted:   False
	scale_pos_weight:   1

Model
Features importance: [0.01348485 0.00408147 0.00656236 0.00836301 0.011124   0.00564203
 0.00708255 0.01576568 0.00780281 0.00524189 0.0086031  0.01020367
 0.00764275 0.00684246 0.00380137 0.01568565 0.00692249 0.00312112
 0.02981073 0.00548197 0.01008363 0.00928334 0.00220079 0.00488176
 0.00848305 0.00808291 0.01356488 0.00792285 0.02716978 0.01576568
 0.01712617 0.00724261 0.04109479 0.01052379 0.00636229 0.00896323
 0.0191669  0.00684246 0.01532552 0.00664239 0.00704254 0.00756272
 0.00512184 0.02024729 0.00768277 0.01744628 0.00680245 0.00424153
 0.00724261 0.00708255 0.01264455 0.01976712 0.00980353 0.00420151
 0.00128046 0.01184426 0.01968709 0.01072386 0.00412148 0.0064023
 0.00620223 0.00964347 0.01016366 0.00620223 0.00264095 0.00180065
 0.00540194 0.00212076 0.01476532 0.03465248 0.01156416 0.00148053
 0.00596215 0.01628586 0.01124405 0.01108399 0.00572206 0.05341923
 0.00720259 0.0097235  0.00920331 0.00848305 0.03605298 0.00764275
 0.02424873 0.00552199 0.00968349 0.03829379 0.00932336 0.0033212 ]

Data shape
	X_train:   (300000, 90)
	y_train:   (300000,)
	X_test:   (150000, 90)
	y_test:   (150000,)

Results on train set
	brier_loss_train:   0.0001787756011429457
	loss_train:   0.003455580546373191
	accuracy_train:   0.9999766666666666
	roc_auc_train:   0.9999999972006617
	recall_train:   0.9997586206896552

Results on test set
	brier_loss_test:   0.07620476994779979
	loss_test:   0.36888191709178964
	accuracy_test:   0.9160933333333333
	roc_auc_test:   0.7957093116226839
	recall_test:   0.05184615384615385

