EXPERIMENT 60: GRADIENT BOOSTING

Parameters
	n_estimators:   100
	max_depth:   4
	random_state:   42
	weighted:   False
	scale_pos_weight:   1

Model
Features importance: [0.01302262 0.         0.0020562  0.00616861 0.01233722 0.0013708
 0.00479781 0.00959561 0.0013708  0.0006854  0.00616861 0.0020562
 0.003427   0.00822481 0.         0.01302262 0.0006854  0.0013708
 0.03701165 0.00548321 0.0027416  0.00479781 0.0013708  0.0006854
 0.01028101 0.003427   0.01165182 0.0027416  0.04386566 0.00616861
 0.02604524 0.00411241 0.06442769 0.00685401 0.0020562  0.00959561
 0.01507882 0.0027416  0.00891021 0.01096642 0.0013708  0.00822481
 0.00753941 0.03152844 0.00548321 0.01850583 0.00685401 0.003427
 0.0006854  0.00685401 0.01302262 0.02124743 0.003427   0.0027416
 0.         0.01028101 0.03289925 0.00479781 0.0013708  0.0027416
 0.0020562  0.00822481 0.00822481 0.0020562  0.         0.
 0.0020562  0.0006854  0.01644962 0.04592187 0.00685401 0.00616861
 0.00411241 0.01439342 0.01782043 0.00685401 0.0020562  0.08156271
 0.00891021 0.00616861 0.0020562  0.00411241 0.05346128 0.0020562
 0.03221384 0.0006854  0.00753941 0.10281014 0.00411241 0.        ]

Data shape
	X_train:   (300000, 90)
	y_train:   (300000,)
	X_test:   (150000, 90)
	y_test:   (150000,)

Results on train set
	brier_loss_train:   0.012268801957334336
	loss_train:   0.05287936607148256
	accuracy_train:   0.9845633333333333
	roc_auc_train:   0.997626477350808
	recall_train:   0.855448275862069

Results on test set
	brier_loss_test:   0.07187477296528856
	loss_test:   0.2670776696625123
	accuracy_test:   0.9143266666666666
	roc_auc_test:   0.8281825575519371
	recall_test:   0.043153846153846154

