EXPERIMENT 64: GRADIENT BOOSTING

Parameters
	n_estimators:   80
	max_depth:   8
	random_state:   42
	weighted:   False
	scale_pos_weight:   1

Model
Features importance: [0.01336836 0.00309095 0.00625918 0.00819102 0.01105015 0.00656827
 0.00602735 0.01653659 0.00788193 0.00425006 0.00865466 0.00888648
 0.00680009 0.00734101 0.00340005 0.01452747 0.00656827 0.00370914
 0.02920949 0.00517734 0.00958195 0.0097365  0.00208639 0.00417278
 0.00780465 0.00749556 0.01321382 0.00726374 0.02982768 0.01522294
 0.01700023 0.00602735 0.04165057 0.00927285 0.0050228  0.00749556
 0.01700023 0.00695464 0.01730933 0.00857739 0.0047137  0.00819102
 0.0050228  0.02163666 0.00703191 0.01653659 0.00734101 0.00455915
 0.00564099 0.00633645 0.01105015 0.01993664 0.0079592  0.00378642
 0.00023182 0.0112047  0.02086392 0.01105015 0.00363187 0.00517734
 0.006491   0.00958195 0.0094274  0.00587281 0.00239549 0.00208639
 0.00494552 0.00170002 0.01746387 0.03778688 0.01220926 0.00139093
 0.00432733 0.01730933 0.01251835 0.00958195 0.0047137  0.06027355
 0.0061819  0.00880921 0.00703191 0.00726374 0.03925508 0.00633645
 0.02580944 0.00455915 0.0079592  0.05254617 0.00850012 0.00355459]

Data shape
	X_train:   (300000, 90)
	y_train:   (300000,)
	X_test:   (150000, 90)
	y_test:   (150000,)

Results on train set
	brier_loss_train:   0.001080659980539848
	loss_train:   0.009367986331089874
	accuracy_train:   0.9993133333333334
	roc_auc_train:   0.9999984342791705
	recall_train:   0.993

Results on test set
	brier_loss_test:   0.07464505913664558
	loss_test:   0.32570301662837814
	accuracy_test:   0.9161733333333333
	roc_auc_test:   0.8010113222908479
	recall_test:   0.05592307692307692

