EXPERIMENT 66: GRADIENT BOOSTING

Parameters
	n_estimators:   80
	max_depth:   6
	random_state:   42
	weighted:   False
	scale_pos_weight:   1

Model
Features importance: [0.00891862 0.00111483 0.00379041 0.00602007 0.01181717 0.00312152
 0.00557414 0.01672241 0.00668896 0.00289855 0.00468227 0.006466
 0.0057971  0.00713489 0.00289855 0.01181717 0.00490524 0.00156076
 0.03010033 0.00535117 0.00713489 0.00914158 0.0006689  0.00379041
 0.00780379 0.00468227 0.01047938 0.00445931 0.03366778 0.01404682
 0.02274247 0.00379041 0.04570791 0.00981048 0.00445931 0.00824972
 0.01248606 0.00379041 0.01560758 0.00936455 0.00356745 0.00981048
 0.00468227 0.02497213 0.00602007 0.01605351 0.00423634 0.00289855
 0.00334448 0.00535117 0.01181717 0.02408027 0.00668896 0.00245262
 0.00044593 0.01404682 0.02296544 0.00691193 0.00512821 0.00245262
 0.00379041 0.00758083 0.01047938 0.00401338 0.00178372 0.00200669
 0.00468227 0.00089186 0.01783724 0.0483835  0.01204013 0.00156076
 0.00423634 0.01850613 0.01493868 0.01092531 0.00423634 0.06978818
 0.00758083 0.00668896 0.00445931 0.00468227 0.04771461 0.00401338
 0.03143813 0.00356745 0.00981048 0.07625418 0.006466   0.00245262]

Data shape
	X_train:   (300000, 90)
	y_train:   (300000,)
	X_test:   (150000, 90)
	y_test:   (150000,)

Results on train set
	brier_loss_train:   0.005518693754080561
	loss_train:   0.027994241938304913
	accuracy_train:   0.9939266666666666
	roc_auc_train:   0.9996959468761929
	recall_train:   0.9424482758620689

Results on test set
	brier_loss_test:   0.07339987349137078
	loss_test:   0.2916342144866292
	accuracy_test:   0.9148333333333334
	roc_auc_test:   0.8133388686131388
	recall_test:   0.049

