EXPERIMENT 68: GRADIENT BOOSTING

Parameters
	n_estimators:   80
	max_depth:   5
	random_state:   42
	weighted:   False
	scale_pos_weight:   1

Model
Features importance: [0.00732443 0.         0.0008617  0.00517019 0.00990952 0.00043085
 0.00301594 0.01077122 0.00344679 0.00129255 0.00430849 0.00344679
 0.00430849 0.00775528 0.00043085 0.01335631 0.00344679 0.0017234
 0.03791469 0.00258509 0.00387764 0.00732443 0.00129255 0.00129255
 0.00560103 0.00344679 0.00990952 0.00215424 0.03877639 0.00947867
 0.02283498 0.00301594 0.05902628 0.01120207 0.00301594 0.00775528
 0.01637225 0.00344679 0.01637225 0.00904782 0.00129255 0.00990952
 0.00818613 0.02671262 0.00732443 0.0159414  0.00517019 0.00344679
 0.00129255 0.00344679 0.01120207 0.02929772 0.00646273 0.00301594
 0.00043085 0.01034037 0.02412753 0.00430849 0.00258509 0.0017234
 0.00129255 0.00861698 0.00732443 0.00301594 0.0017234  0.00043085
 0.00430849 0.00129255 0.02068074 0.04911676 0.00732443 0.00215424
 0.00344679 0.01637225 0.0185265  0.00904782 0.0017234  0.08186127
 0.00689358 0.00517019 0.00517019 0.00430849 0.05428695 0.00517019
 0.03145196 0.00258509 0.00603188 0.09952607 0.00646273 0.0017234 ]

Data shape
	X_train:   (300000, 90)
	y_train:   (300000,)
	X_test:   (150000, 90)
	y_test:   (150000,)

Results on train set
	brier_loss_train:   0.009238098132739462
	loss_train:   0.042290064137405325
	accuracy_train:   0.9886833333333334
	roc_auc_train:   0.9988272327904313
	recall_train:   0.8936206896551724

Results on test set
	brier_loss_test:   0.0721767451714819
	loss_test:   0.2734405844706111
	accuracy_test:   0.91468
	roc_auc_test:   0.8176708391353172
	recall_test:   0.048615384615384616

