EXPERIMENT 7: GRADIENT BOOSTING

Parameters
	n_estimators:   100
	max_depth:   5
	random_state:   42
	weighted:   True
	scale_pos_weight:   10.11111111111111

Model
Features importance: [0.0134622  0.00310666 0.00483259 0.00138074 0.00931999 0.00310666
 0.00966517 0.00517777 0.00310666 0.00207111 0.0134622  0.01933034
 0.00138074 0.00103555 0.00586814 0.01725923 0.0044874  0.00241629
 0.04521919 0.00310666 0.01242665 0.00379703 0.0089748  0.00310666
 0.0089748  0.00931999 0.01242665 0.00207111 0.0203659  0.01656886
 0.02968588 0.0044874  0.05419399 0.00724888 0.00276148 0.00862962
 0.00793925 0.00586814 0.01553331 0.00724888 0.02140145 0.00862962
 0.01104591 0.02450811 0.00483259 0.00966517 0.00655851 0.00379703
 0.00379703 0.00310666 0.02071108 0.022437   0.00379703 0.00241629
 0.00034518 0.00828443 0.04694512 0.01001036 0.00241629 0.00586814
 0.0044874  0.00586814 0.00345185 0.00207111 0.02002071 0.00241629
 0.00517777 0.00483259 0.00138074 0.03313773 0.01518813 0.00138074
 0.00207111 0.02588885 0.00552295 0.01518813 0.00310666 0.06006213
 0.00207111 0.00483259 0.00345185 0.0044874  0.06178806 0.00276148
 0.01311702 0.00276148 0.00862962 0.04625475 0.00655851 0.00103555]

Data shape
	X_train:   (300000, 90)
	y_train:   (300000,)
	X_test:   (150000, 90)
	y_test:   (150000,)

Results on train set
	brier_loss_train:   0.02493102460559009
	loss_train:   0.10450441819696629
	accuracy_train:   0.9732233333333333
	roc_auc_train:   0.9977798370641704
	recall_train:   0.9850740740740741

Results on test set
	brier_loss_test:   0.11140935012566663
	loss_test:   0.4277141456690834
	accuracy_test:   0.8653666666666666
	roc_auc_test:   0.5872372997530864
	recall_test:   0.07413333333333333

