EXPERIMENT 70: GRADIENT BOOSTING

Parameters
	n_estimators:   80
	max_depth:   4
	random_state:   42
	weighted:   False
	scale_pos_weight:   1

Model
Features importance: [0.00853242 0.         0.00170648 0.00426621 0.01109215 0.00085324
 0.00341297 0.0059727  0.00170648 0.         0.00426621 0.00170648
 0.00085324 0.00511945 0.         0.01194539 0.00085324 0.00085324
 0.04266212 0.0059727  0.         0.00426621 0.00085324 0.
 0.00853242 0.00341297 0.01023891 0.00170648 0.0443686  0.0059727
 0.02986348 0.00255973 0.0725256  0.00767918 0.00170648 0.00767918
 0.0162116  0.00085324 0.00853242 0.0059727  0.00085324 0.00938567
 0.00853242 0.03242321 0.00511945 0.02047782 0.00511945 0.00341297
 0.00085324 0.00853242 0.01450512 0.02303754 0.00341297 0.00341297
 0.         0.01023891 0.03327645 0.00170648 0.00085324 0.00255973
 0.00085324 0.00682594 0.00767918 0.00085324 0.         0.
 0.00170648 0.         0.01877133 0.0503413  0.00682594 0.00511945
 0.00255973 0.01109215 0.01962457 0.00767918 0.00170648 0.08532424
 0.00767918 0.00511945 0.00085324 0.00511945 0.06143345 0.00255973
 0.03498293 0.         0.0059727  0.11262798 0.00426621 0.        ]

Data shape
	X_train:   (300000, 90)
	y_train:   (300000,)
	X_test:   (150000, 90)
	y_test:   (150000,)

Results on train set
	brier_loss_train:   0.015018485041543012
	loss_train:   0.0632858537487707
	accuracy_train:   0.9810066666666667
	roc_auc_train:   0.9962404376511006
	recall_train:   0.8207931034482758

Results on test set
	brier_loss_test:   0.07015529504354037
	loss_test:   0.25351682478490284
	accuracy_test:   0.91474
	roc_auc_test:   0.8266879924199888
	recall_test:   0.05946153846153846

