EXPERIMENT 72: GRADIENT BOOSTING

Parameters
	n_estimators:   60
	max_depth:   10
	random_state:   42
	weighted:   False
	scale_pos_weight:   1

Model
Features importance: [0.01322984 0.00414958 0.0055165  0.00859207 0.01157001 0.00566296
 0.0070787  0.01640305 0.0083968  0.00483304 0.00859207 0.01015427
 0.00737161 0.0060535  0.00371021 0.01606132 0.00678578 0.00297793
 0.03153681 0.00556532 0.00976372 0.00864089 0.00219684 0.00483304
 0.00854325 0.00825034 0.01205819 0.00746924 0.02685023 0.01567077
 0.01747706 0.00698106 0.04261863 0.010496   0.00576059 0.00922671
 0.01889279 0.00702988 0.01567077 0.00600469 0.00722515 0.00732279
 0.00468658 0.0207479  0.0076157  0.01669596 0.00673697 0.00483304
 0.00751806 0.00785979 0.01186292 0.02108963 0.00947081 0.00429604
 0.00136692 0.01166764 0.01962507 0.01074009 0.00380785 0.00649287
 0.00659051 0.00991017 0.01039836 0.00659051 0.00273384 0.00214802
 0.0049795  0.0020992  0.01542667 0.03427065 0.01152119 0.00146456
 0.00624878 0.0160125  0.01142355 0.00995899 0.00571178 0.05311463
 0.00722515 0.01034954 0.00912908 0.00854325 0.03588166 0.00702988
 0.02436048 0.00537005 0.00956844 0.03910369 0.00942199 0.00307557]

Data shape
	X_train:   (300000, 90)
	y_train:   (300000,)
	X_test:   (150000, 90)
	y_test:   (150000,)

Results on train set
	brier_loss_train:   0.0007477617588627038
	loss_train:   0.008456485513451432
	accuracy_train:   0.9995766666666667
	roc_auc_train:   0.9999989340883064
	recall_train:   0.9958620689655172

Results on test set
	brier_loss_test:   0.07394512543423346
	loss_test:   0.32117383671485433
	accuracy_test:   0.917
	roc_auc_test:   0.7846552080291971
	recall_test:   0.06946153846153846

