EXPERIMENT 74: GRADIENT BOOSTING

Parameters
	n_estimators:   60
	max_depth:   8
	random_state:   42
	weighted:   False
	scale_pos_weight:   1

Model
Features importance: [0.01440779 0.00337838 0.00467011 0.00755167 0.01152623 0.00625994
 0.00606121 0.0165938  0.00794913 0.00377583 0.00854531 0.00844595
 0.00625994 0.00606121 0.00268283 0.01569952 0.00655803 0.00317965
 0.03040541 0.00546502 0.00924086 0.00864467 0.00198728 0.00367647
 0.00814785 0.00705485 0.01192369 0.00685612 0.02891495 0.01460652
 0.01709062 0.00516693 0.04491256 0.00904213 0.00437202 0.00735294
 0.01560016 0.00556439 0.01808426 0.00765103 0.00467011 0.00804849
 0.00447138 0.02245628 0.00645866 0.01589825 0.00735294 0.00536566
 0.00556439 0.00685612 0.00993641 0.02116455 0.0077504  0.0038752
 0.00019873 0.0102345  0.02116455 0.01073132 0.00367647 0.00516693
 0.00625994 0.00924086 0.00914149 0.00606121 0.0024841  0.00238474
 0.00486884 0.00178855 0.01977345 0.03895072 0.01212242 0.00129173
 0.00367647 0.01689189 0.01371224 0.00784976 0.00536566 0.06081081
 0.00576312 0.00983704 0.00695548 0.00705485 0.04153418 0.0063593
 0.02692766 0.00397456 0.00854531 0.0561407  0.00854531 0.00327901]

Data shape
	X_train:   (300000, 90)
	y_train:   (300000,)
	X_test:   (150000, 90)
	y_test:   (150000,)

Results on train set
	brier_loss_train:   0.0028846956096749755
	loss_train:   0.018786991340338136
	accuracy_train:   0.99731
	roc_auc_train:   0.9999585336556813
	recall_train:   0.973448275862069

Results on test set
	brier_loss_test:   0.07159667682652027
	loss_test:   0.2863676689591243
	accuracy_test:   0.9177733333333333
	roc_auc_test:   0.7996363127456485
	recall_test:   0.08492307692307692

