EXPERIMENT 76: GRADIENT BOOSTING

Parameters
	n_estimators:   60
	max_depth:   6
	random_state:   42
	weighted:   False
	scale_pos_weight:   1

Model
Features importance: [0.0078534  0.0008726  0.00290867 0.00494474 0.01250727 0.00290867
 0.0052356  0.01716114 0.0061082  0.0026178  0.00407213 0.0052356
 0.004363   0.00494474 0.0026178  0.0113438  0.00494474 0.00116347
 0.03344968 0.0052356  0.0069808  0.00843514 0.0008726  0.00319953
 0.00727167 0.004363   0.01076207 0.00319953 0.03577662 0.01279814
 0.02385108 0.00232693 0.05002909 0.0113438  0.00407213 0.0069808
 0.01250727 0.00378127 0.01483421 0.0052356  0.00407213 0.0104712
 0.00465387 0.02472368 0.0061082  0.01628854 0.00319953 0.0026178
 0.00319953 0.0052356  0.01105294 0.02559628 0.00552647 0.00319953
 0.00029087 0.01337987 0.02036067 0.00581734 0.00581734 0.00203607
 0.0026178  0.0078534  0.0104712  0.00407213 0.0017452  0.00232693
 0.004363   0.00116347 0.01977894 0.05351949 0.0113438  0.0008726
 0.00232693 0.01832461 0.01396161 0.01163467 0.00407213 0.07038976
 0.00639907 0.00639907 0.004363   0.00378127 0.05351949 0.0034904
 0.03257708 0.00319953 0.008726   0.0849331  0.0061082  0.00290867]

Data shape
	X_train:   (300000, 90)
	y_train:   (300000,)
	X_test:   (150000, 90)
	y_test:   (150000,)

Results on train set
	brier_loss_train:   0.008785057409371138
	loss_train:   0.041564403982420915
	accuracy_train:   0.98945
	roc_auc_train:   0.9989452835602493
	recall_train:   0.8996206896551724

Results on test set
	brier_loss_test:   0.07071164263921226
	loss_test:   0.26484320280645507
	accuracy_test:   0.9161066666666666
	roc_auc_test:   0.8115765881527232
	recall_test:   0.07307692307692308

