EXPERIMENT 86: GRADIENT BOOSTING

Parameters
	n_estimators:   40
	max_depth:   6
	random_state:   42
	weighted:   False
	scale_pos_weight:   1

Model
Features importance: [0.00657895 0.00131579 0.00087719 0.00394737 0.01140351 0.00307018
 0.00438596 0.01798246 0.00614035 0.0004386  0.00394737 0.00394737
 0.00394737 0.00350877 0.00350877 0.01052632 0.00482456 0.00087719
 0.0368421  0.00394737 0.00570175 0.00614035 0.00087719 0.00263158
 0.00657895 0.00394737 0.00833333 0.00307018 0.03947368 0.01096491
 0.02149123 0.0004386  0.05438596 0.01491228 0.00307018 0.00482456
 0.01096491 0.00263158 0.01447368 0.00307018 0.00350877 0.0127193
 0.00482456 0.0254386  0.00570175 0.01842105 0.00350877 0.00263158
 0.00219298 0.00570175 0.00964912 0.03026316 0.00570175 0.00438596
 0.         0.01315789 0.01973684 0.00350877 0.00614035 0.00219298
 0.00219298 0.00877193 0.00745614 0.0004386  0.00219298 0.00219298
 0.00438596 0.00131579 0.0245614  0.06096491 0.00701754 0.0004386
 0.00131579 0.01666667 0.01666667 0.00964912 0.00482456 0.07763158
 0.00526316 0.00570175 0.00263158 0.00175439 0.06491228 0.00263158
 0.02850877 0.00263158 0.00657895 0.09254386 0.00701754 0.00175439]

Data shape
	X_train:   (300000, 90)
	y_train:   (300000,)
	X_test:   (150000, 90)
	y_test:   (150000,)

Results on train set
	brier_loss_train:   0.014378684280386946
	loss_train:   0.0677521600161291
	accuracy_train:   0.9822166666666666
	roc_auc_train:   0.996795739534292
	recall_train:   0.8273448275862069

Results on test set
	brier_loss_test:   0.06897068291860094
	loss_test:   0.24882068067514648
	accuracy_test:   0.91704
	roc_auc_test:   0.8001274848399775
	recall_test:   0.09807692307692308

