EXPERIMENT 84: GRADIENT BOOSTING

Parameters
	n_estimators:   40
	max_depth:   8
	random_state:   42
	weighted:   False
	scale_pos_weight:   1

Model
Features importance: [0.01559792 0.00303293 0.00332178 0.00794339 0.01184287 0.00476603
 0.00563258 0.01617562 0.00852109 0.00361063 0.00938764 0.00895436
 0.00548816 0.00563258 0.00303293 0.0154535  0.00707683 0.00245523
 0.03249567 0.00505488 0.00751011 0.00664356 0.00144425 0.00361063
 0.00837666 0.00592143 0.00982091 0.00693241 0.02975159 0.01458694
 0.01632005 0.00519931 0.04462738 0.01213172 0.00404391 0.00649913
 0.01444252 0.00505488 0.01733102 0.00635471 0.00418833 0.00909879
 0.00332178 0.02253033 0.00491046 0.01588677 0.00794339 0.00563258
 0.00563258 0.00794339 0.01068746 0.02281918 0.00895436 0.00361063
 0.00028885 0.01010976 0.02195263 0.01112074 0.00317735 0.00433276
 0.00693241 0.00996534 0.00751011 0.00621028 0.0028885  0.00317735
 0.00418833 0.00144425 0.02397458 0.04087233 0.01285384 0.0017331
 0.00216638 0.0154535  0.01314269 0.00736568 0.00491046 0.06412479
 0.00563258 0.01039861 0.00693241 0.00678798 0.04361641 0.00635471
 0.02484113 0.00361063 0.00678798 0.05950318 0.00779896 0.00259965]

Data shape
	X_train:   (300000, 90)
	y_train:   (300000,)
	X_test:   (150000, 90)
	y_test:   (150000,)

Results on train set
	brier_loss_train:   0.006493688889259764
	loss_train:   0.03945259042186197
	accuracy_train:   0.9928033333333334
	roc_auc_train:   0.9995584263265047
	recall_train:   0.9293793103448276

Results on test set
	brier_loss_test:   0.06820589178112177
	loss_test:   0.2508572500988034
	accuracy_test:   0.9189333333333334
	roc_auc_test:   0.7999139020213364
	recall_test:   0.118

