EXPERIMENT 80: GRADIENT BOOSTING

Parameters
	n_estimators:   60
	max_depth:   4
	random_state:   42
	weighted:   False
	scale_pos_weight:   1

Model
Features importance: [0.00907029 0.         0.         0.00226757 0.01020408 0.00113379
 0.00226757 0.00566893 0.00226757 0.         0.00226757 0.00226757
 0.         0.00453515 0.         0.01247166 0.00113379 0.
 0.04421769 0.00566893 0.         0.00340136 0.00113379 0.
 0.00680272 0.00226757 0.00907029 0.00226757 0.04761905 0.00680272
 0.02721088 0.00113379 0.08049887 0.00793651 0.         0.00566893
 0.0170068  0.00113379 0.00566893 0.00226757 0.00113379 0.01133787
 0.01020408 0.02947846 0.00226757 0.02154195 0.00340136 0.00113379
 0.         0.00907029 0.01473923 0.0260771  0.00113379 0.00340136
 0.         0.00566893 0.0260771  0.00226757 0.00113379 0.
 0.         0.00680272 0.00566893 0.         0.         0.
 0.00226757 0.         0.02154195 0.05215419 0.00793651 0.00340136
 0.00113379 0.01020408 0.02040816 0.00566893 0.         0.09637188
 0.00793651 0.00453515 0.00113379 0.00453515 0.07142857 0.00113379
 0.03174603 0.         0.00566893 0.13038549 0.00453515 0.        ]

Data shape
	X_train:   (300000, 90)
	y_train:   (300000,)
	X_test:   (150000, 90)
	y_test:   (150000,)

Results on train set
	brier_loss_train:   0.019387811391131052
	loss_train:   0.07973008294543561
	accuracy_train:   0.9748366666666667
	roc_auc_train:   0.9934823873266319
	recall_train:   0.760896551724138

Results on test set
	brier_loss_test:   0.06908560639380379
	loss_test:   0.24591293369855421
	accuracy_test:   0.9152666666666667
	roc_auc_test:   0.8210078862998316
	recall_test:   0.06969230769230769

