EXPERIMENT 88: GRADIENT BOOSTING

Parameters
	n_estimators:   40
	max_depth:   5
	random_state:   42
	weighted:   False
	scale_pos_weight:   1

Model
Features importance: [0.00503356 0.         0.         0.00167785 0.00755034 0.00083893
 0.         0.00922819 0.00419463 0.         0.00083893 0.00419463
 0.00167785 0.00419463 0.         0.01090604 0.00503356 0.00083893
 0.04446309 0.00419463 0.00083893 0.0033557  0.00083893 0.
 0.00251678 0.0033557  0.00503356 0.         0.04446309 0.00755034
 0.02348993 0.00083893 0.07550336 0.01510067 0.00083893 0.00419463
 0.0159396  0.00251678 0.00838926 0.00167785 0.00083893 0.01258389
 0.01006711 0.02432886 0.00251678 0.0159396  0.00419463 0.00251678
 0.00167785 0.00503356 0.01342282 0.03187919 0.00587248 0.00503356
 0.         0.01006711 0.01845638 0.00167785 0.00167785 0.00167785
 0.00167785 0.00419463 0.00503356 0.00167785 0.00083893 0.00083893
 0.00419463 0.00083893 0.02852349 0.05369128 0.00419463 0.
 0.00167785 0.01510067 0.02432886 0.00503356 0.         0.10318792
 0.00503356 0.00251678 0.00251678 0.00251678 0.0704698  0.00419463
 0.02936242 0.00251678 0.00503356 0.12248322 0.00587248 0.00167785]

Data shape
	X_train:   (300000, 90)
	y_train:   (300000,)
	X_test:   (150000, 90)
	y_test:   (150000,)

Results on train set
	brier_loss_train:   0.019627851187096246
	loss_train:   0.0861249460842119
	accuracy_train:   0.9751766666666667
	roc_auc_train:   0.9935161490647665
	recall_train:   0.7616551724137931

Results on test set
	brier_loss_test:   0.06791956063718388
	loss_test:   0.24214076501919576
	accuracy_test:   0.9161866666666667
	roc_auc_test:   0.8118246504772599
	recall_test:   0.08784615384615385

