EXPERIMENT 89: GRADIENT BOOSTING

Parameters
	n_estimators:   40
	max_depth:   4
	random_state:   42
	weighted:   True
	scale_pos_weight:   1

Model
Features importance: [0.00334448 0.         0.         0.         0.00501672 0.
 0.         0.00167224 0.         0.         0.00167224 0.00334448
 0.         0.00334448 0.         0.00668896 0.         0.
 0.05183946 0.         0.         0.         0.00167224 0.
 0.00501672 0.00334448 0.00334448 0.00167224 0.05685619 0.0083612
 0.02508361 0.         0.09698997 0.01003344 0.         0.00501672
 0.01672241 0.         0.         0.         0.00167224 0.01505017
 0.01003344 0.02341137 0.00167224 0.02006689 0.00334448 0.
 0.         0.0083612  0.01672241 0.03010033 0.00167224 0.00501672
 0.         0.00334448 0.02006689 0.00167224 0.         0.
 0.         0.00334448 0.00167224 0.         0.         0.
 0.         0.         0.02173913 0.05685619 0.00501672 0.
 0.         0.00668896 0.02675585 0.00334448 0.         0.11204013
 0.00501672 0.00501672 0.         0.00334448 0.09030101 0.
 0.02842809 0.         0.00167224 0.1521739  0.00334448 0.        ]

Data shape
	X_train:   (300000, 90)
	y_train:   (300000,)
	X_test:   (150000, 90)
	y_test:   (150000,)

Results on train set
	brier_loss_train:   0.025530612035120765
	loss_train:   0.10616564413589735
	accuracy_train:   0.9670933333333334
	roc_auc_train:   0.988481525003181
	recall_train:   0.6798620689655173

Results on test set
	brier_loss_test:   0.06730707005281604
	loss_test:   0.23845517516764503
	accuracy_test:   0.9163333333333333
	roc_auc_test:   0.8201064115665355
	recall_test:   0.08323076923076923

