EXPERIMENT 82: GRADIENT BOOSTING

Parameters
	n_estimators:   40
	max_depth:   10
	random_state:   42
	weighted:   False
	scale_pos_weight:   1

Model
Features importance: [0.01397219 0.00511178 0.00483915 0.00797437 0.01260905 0.00538441
 0.00756543 0.01519902 0.00913304 0.00490731 0.00906489 0.0111096
 0.00674755 0.00511178 0.00299891 0.01622137 0.00674755 0.0028626
 0.03312432 0.0063386  0.00981461 0.00811069 0.00211287 0.00443021
 0.00892857 0.00783806 0.01151854 0.0068157  0.02624046 0.0155398
 0.01669847 0.00667939 0.04239367 0.01138222 0.00592966 0.00933751
 0.01826609 0.00722465 0.01628953 0.00395311 0.00674755 0.00797437
 0.00456652 0.02106052 0.00783806 0.01683479 0.00702017 0.00558888
 0.0068157  0.00756543 0.01172301 0.02276445 0.01056434 0.00456652
 0.00156761 0.01097328 0.01997001 0.01022356 0.00408942 0.00661123
 0.0063386  0.01042803 0.00981461 0.00661123 0.00279444 0.00231734
 0.00545256 0.00218102 0.01608506 0.03435114 0.01138222 0.00115867
 0.00613413 0.01519902 0.01124591 0.00933751 0.00517993 0.05357143
 0.00722465 0.0106325  0.00899673 0.00831516 0.03639586 0.0072928
 0.02303708 0.00504362 0.00886041 0.041235   0.00879226 0.00299891]

Data shape
	X_train:   (300000, 90)
	y_train:   (300000,)
	X_test:   (150000, 90)
	y_test:   (150000,)

Results on train set
	brier_loss_train:   0.0027565914549904863
	loss_train:   0.02465850991634109
	accuracy_train:   0.9975466666666667
	roc_auc_train:   0.9998894689527931
	recall_train:   0.9753793103448276

Results on test set
	brier_loss_test:   0.06949635136254656
	loss_test:   0.2640968643663203
	accuracy_test:   0.9193733333333334
	roc_auc_test:   0.7863074595732734
	recall_test:   0.119

