EXPERIMENT 9: GRADIENT BOOSTING

Parameters
	n_estimators:   100
	max_depth:   4
	random_state:   42
	weighted:   True
	scale_pos_weight:   10.11111111111111

Model
Features importance: [0.00951734 0.00135962 0.00475867 0.         0.01019714 0.00135962
 0.00951734 0.00407886 0.00271924 0.00135962 0.01087695 0.0210741
 0.         0.00407886 0.00951734 0.02039429 0.00475867 0.00271924
 0.05098572 0.00407886 0.00951734 0.00339905 0.01359619 0.00339905
 0.01087695 0.00951734 0.01019714 0.         0.00951734 0.014276
 0.03467029 0.00475867 0.06934059 0.00475867 0.00203943 0.00747791
 0.00407886 0.00815772 0.01359619 0.00611829 0.01903467 0.00747791
 0.00203943 0.02651258 0.00203943 0.01359619 0.00883753 0.00339905
 0.         0.00203943 0.02379334 0.02175391 0.00475867 0.00203943
 0.         0.01155676 0.04350782 0.00951734 0.         0.00271924
 0.00407886 0.01019714 0.00271924 0.00203943 0.01563562 0.00067981
 0.00475867 0.00407886 0.00203943 0.03806934 0.01359619 0.
 0.00271924 0.02583277 0.00203943 0.01767505 0.00339905 0.07138001
 0.         0.         0.00271924 0.00475867 0.07409925 0.00135962
 0.00883753 0.00067981 0.00951734 0.05438477 0.00543848 0.        ]

Data shape
	X_train:   (300000, 90)
	y_train:   (300000,)
	X_test:   (150000, 90)
	y_test:   (150000,)

Results on train set
	brier_loss_train:   0.03814823835333923
	loss_train:   0.1493655352175867
	accuracy_train:   0.95686
	roc_auc_train:   0.9937789640482974
	recall_train:   0.9645185185185186

Results on test set
	brier_loss_test:   0.11665708582590853
	loss_test:   0.42243841235557483
	accuracy_test:   0.8554533333333333
	roc_auc_test:   0.5768260071604938
	recall_test:   0.1042

