EXPERIMENT 93: GRADIENT BOOSTING

Parameters
	n_estimators:   20
	max_depth:   8
	random_state:   42
	weighted:   True
	scale_pos_weight:   1

Model
Features importance: [0.02025393 0.00392987 0.00211608 0.00604595 0.0114873  0.00634825
 0.00604595 0.01390568 0.00906892 0.00241838 0.00997582 0.00876663
 0.00362757 0.00513906 0.00272068 0.01662636 0.00604595 0.00241838
 0.03869408 0.00423216 0.00785973 0.00392987 0.00120919 0.00272068
 0.00665054 0.00574365 0.01118501 0.00695284 0.02992745 0.0120919
 0.01511487 0.00332527 0.04987908 0.01964933 0.00695284 0.00755744
 0.01632406 0.00332527 0.01390568 0.00453446 0.00423216 0.01058041
 0.00453446 0.01874244 0.00513906 0.01481258 0.00665054 0.00513906
 0.00332527 0.00725514 0.0117896  0.0232769  0.00846433 0.00392987
 0.00060459 0.00544135 0.01934704 0.01027811 0.00272068 0.00272068
 0.00513906 0.00725514 0.00816203 0.00544135 0.00272068 0.00090689
 0.00332527 0.00181378 0.01964933 0.03688029 0.00906892 0.00151149
 0.00302297 0.01330109 0.00997582 0.00544135 0.00634825 0.0710399
 0.00544135 0.00997582 0.00634825 0.00604595 0.05592503 0.00544135
 0.02448609 0.00332527 0.00513906 0.07557437 0.00967352 0.00392987]

Data shape
	X_train:   (300000, 90)
	y_train:   (300000,)
	X_test:   (150000, 90)
	y_test:   (150000,)

Results on train set
	brier_loss_train:   0.01966560615349656
	loss_train:   0.11959289047883202
	accuracy_train:   0.98199
	roc_auc_train:   0.9956292742715358
	recall_train:   0.8215862068965517

Results on test set
	brier_loss_test:   0.06699497358361814
	loss_test:   0.24991014493326347
	accuracy_test:   0.9186533333333333
	roc_auc_test:   0.8161025171252104
	recall_test:   0.16753846153846153

