EXPERIMENT 91: GRADIENT BOOSTING

Parameters
	n_estimators:   20
	max_depth:   10
	random_state:   42
	weighted:   True
	scale_pos_weight:   1

Model
Features importance: [0.01818963 0.0073045  0.00615869 0.0067316  0.01446577 0.00615869
 0.0095961  0.0163277  0.01074191 0.00358064 0.00830708 0.0095961
 0.00544257 0.00472644 0.00300773 0.01704383 0.00658837 0.00329419
 0.03738184 0.00572902 0.0095961  0.00802062 0.00200516 0.00386709
 0.00773417 0.00773417 0.01289029 0.00701805 0.02778574 0.01503867
 0.01417932 0.00615869 0.04296763 0.01503867 0.0078774  0.01002578
 0.01890576 0.00615869 0.01246061 0.00229161 0.0067316  0.00973933
 0.00558579 0.01833286 0.0067316  0.0169006  0.00515612 0.00443999
 0.00572902 0.00701805 0.01188771 0.02248639 0.00930965 0.00429676
 0.00200516 0.00887998 0.01761673 0.00945288 0.00300773 0.00515612
 0.00630192 0.0073045  0.01016901 0.00558579 0.00257806 0.00128903
 0.00587224 0.00200516 0.01546835 0.03222572 0.00945288 0.00128903
 0.00515612 0.01403609 0.0078774  0.00701805 0.00544257 0.05900888
 0.00630192 0.01246061 0.0073045  0.00859353 0.0399599  0.00687482
 0.02091091 0.00644514 0.00658837 0.05385276 0.01031223 0.00372386]

Data shape
	X_train:   (300000, 90)
	y_train:   (300000,)
	X_test:   (150000, 90)
	y_test:   (150000,)

Results on train set
	brier_loss_train:   0.01413350701779878
	loss_train:   0.1021794086789464
	accuracy_train:   0.98904
	roc_auc_train:   0.9975246692327269
	recall_train:   0.8897931034482759

Results on test set
	brier_loss_test:   0.06687130936688929
	loss_test:   0.2488468977025648
	accuracy_test:   0.91872
	roc_auc_test:   0.8111969107243121
	recall_test:   0.18846153846153846

