EXPERIMENT 98: GRADIENT BOOSTING

Parameters
	n_estimators:   20
	max_depth:   5
	random_state:   42
	weighted:   False
	scale_pos_weight:   1

Model
Features importance: [0.00666667 0.         0.         0.00166667 0.00833333 0.
 0.         0.00333333 0.00333333 0.         0.         0.00333333
 0.         0.00166667 0.         0.01       0.00666667 0.
 0.05333333 0.005      0.00166667 0.00166667 0.00166667 0.
 0.         0.00166667 0.005      0.         0.05       0.01166667
 0.02833333 0.         0.09       0.02166667 0.00166667 0.00333333
 0.01833333 0.00333333 0.00833333 0.00166667 0.         0.015
 0.00333333 0.015      0.00166667 0.005      0.00333333 0.
 0.         0.00166667 0.015      0.03833333 0.00666667 0.005
 0.         0.00333333 0.01833333 0.         0.         0.
 0.00166667 0.00333333 0.00166667 0.00166667 0.         0.
 0.00166667 0.         0.02333333 0.04833333 0.00333333 0.
 0.00166667 0.00833333 0.02333333 0.00333333 0.         0.12
 0.         0.00166667 0.         0.         0.1        0.
 0.02833333 0.00166667 0.00166667 0.13333334 0.00333333 0.00333333]

Data shape
	X_train:   (300000, 90)
	y_train:   (300000,)
	X_test:   (150000, 90)
	y_test:   (150000,)

Results on train set
	brier_loss_train:   0.03408970834202772
	loss_train:   0.16256896664987008
	accuracy_train:   0.96265
	roc_auc_train:   0.9822481500827076
	recall_train:   0.6370689655172413

Results on test set
	brier_loss_test:   0.06774921336988708
	loss_test:   0.25420300648952526
	accuracy_test:   0.9192733333333334
	roc_auc_test:   0.819825395845031
	recall_test:   0.14161538461538462

