EXPERIMENT 99: GRADIENT BOOSTING

Parameters
	n_estimators:   20
	max_depth:   4
	random_state:   42
	weighted:   True
	scale_pos_weight:   1

Model
Features importance: [0.         0.         0.         0.         0.         0.
 0.         0.         0.         0.         0.         0.00334448
 0.         0.00334448 0.         0.00334448 0.         0.
 0.05685619 0.         0.         0.         0.00334448 0.
 0.00334448 0.         0.         0.         0.04682274 0.01003344
 0.02675585 0.         0.12040134 0.01672241 0.         0.00334448
 0.02341137 0.         0.         0.         0.         0.01672241
 0.00668896 0.01337793 0.         0.01003344 0.00334448 0.
 0.         0.00668896 0.01672241 0.0367893  0.00334448 0.00668896
 0.         0.         0.01003344 0.         0.         0.
 0.         0.00334448 0.         0.         0.         0.
 0.         0.         0.01337793 0.06688963 0.         0.
 0.         0.         0.02341137 0.         0.         0.13043478
 0.00334448 0.01003344 0.         0.         0.12040134 0.
 0.02006689 0.         0.         0.15719064 0.         0.        ]

Data shape
	X_train:   (300000, 90)
	y_train:   (300000,)
	X_test:   (150000, 90)
	y_test:   (150000,)

Results on train set
	brier_loss_train:   0.04024170221047304
	loss_train:   0.18093227725076177
	accuracy_train:   0.95407
	roc_auc_train:   0.9729045300928871
	recall_train:   0.5402068965517242

Results on test set
	brier_loss_test:   0.06679787789604201
	loss_test:   0.25188962638914586
	accuracy_test:   0.91982
	roc_auc_test:   0.8407429722066254
	recall_test:   0.1326153846153846

