EXPERIMENT 96: GRADIENT BOOSTING

Parameters
	n_estimators:   20
	max_depth:   6
	random_state:   42
	weighted:   False
	scale_pos_weight:   1

Model
Features importance: [0.00808625 0.00179695 0.00089847 0.00449236 0.01078167 0.00359389
 0.00539084 0.01437556 0.00808625 0.         0.00089847 0.00539084
 0.00269542 0.00179695 0.00179695 0.00898473 0.00539084 0.00089847
 0.04492363 0.00269542 0.00359389 0.00179695 0.00089847 0.00269542
 0.00359389 0.00269542 0.00808625 0.00359389 0.04222821 0.00898473
 0.01796945 0.         0.07367475 0.02066487 0.00359389 0.00628931
 0.01168014 0.00269542 0.01168014 0.00269542 0.00179695 0.01796945
 0.00539084 0.01707098 0.00539084 0.01168014 0.00269542 0.00179695
 0.         0.00449236 0.0098832  0.03324348 0.00449236 0.00628931
 0.         0.00539084 0.0197664  0.00089847 0.00359389 0.
 0.00269542 0.00628931 0.00449236 0.         0.00269542 0.00269542
 0.00449236 0.00089847 0.02156334 0.06469002 0.00539084 0.00089847
 0.00089847 0.01257862 0.01617251 0.00539084 0.00539084 0.09074573
 0.00269542 0.00718778 0.00269542 0.00269542 0.08176101 0.00179695
 0.02515723 0.00089847 0.00269542 0.10062893 0.00628931 0.00359389]

Data shape
	X_train:   (300000, 90)
	y_train:   (300000,)
	X_test:   (150000, 90)
	y_test:   (150000,)

Results on train set
	brier_loss_train:   0.028301375298361565
	loss_train:   0.14566637182926137
	accuracy_train:   0.9714466666666667
	roc_auc_train:   0.9892765053441913
	recall_train:   0.7192758620689655

Results on test set
	brier_loss_test:   0.06739936620179529
	loss_test:   0.2526755353046954
	accuracy_test:   0.9191866666666667
	roc_auc_test:   0.8159956642335767
	recall_test:   0.16292307692307692

