EXPERIMENT 140: RANDOM FOREST

Parameters
	n_estimators:   80
	max_depth:   10
	random_state:   42
	weighted:   False
	class_weight:   None

Model
Features importance: [0.00232463 0.00138045 0.00289163 0.00250417 0.00608237 0.00518508
 0.00337153 0.00851798 0.00207914 0.00187017 0.00317389 0.00585318
 0.00585351 0.00292229 0.00278623 0.00870495 0.00233968 0.00273029
 0.03612778 0.00202954 0.00185523 0.00351869 0.00127694 0.00182109
 0.00385425 0.00326233 0.00396218 0.00241574 0.02844672 0.01543882
 0.01067835 0.00281614 0.13712723 0.01485179 0.003425   0.00422653
 0.01534336 0.00305026 0.00719203 0.00644483 0.00484547 0.00515352
 0.00452102 0.01851242 0.0056521  0.00987199 0.00325157 0.00301927
 0.00187338 0.00238597 0.0108148  0.01278112 0.02109374 0.00331471
 0.00035122 0.0035791  0.01467789 0.00250503 0.00182221 0.00228296
 0.00450139 0.00506761 0.00844785 0.00189856 0.00279372 0.00136857
 0.00324866 0.00327022 0.00484672 0.06101884 0.00450427 0.00166946
 0.00231167 0.00606249 0.00550622 0.00841331 0.00428773 0.08743198
 0.00523285 0.00489349 0.00321199 0.00250063 0.09334418 0.00412034
 0.05327621 0.0024138  0.00390781 0.07462276 0.01987427 0.0039069 ]

Data shape
	X_train:   (300000, 90)
	y_train:   (300000,)
	X_test:   (150000, 90)
	y_test:   (150000,)

Results on train set
	brier_loss_train:   0.02688985024716404
	loss_train:   0.11268727644929269
	accuracy_train:   0.9630266666666667
	roc_auc_train:   0.9918292474869577
	recall_train:   0.6175172413793103

Results on test set
	brier_loss_test:   0.06623196918754748
	loss_test:   0.23799667614615255
	accuracy_test:   0.9159466666666667
	roc_auc_test:   0.8085373753509264
	recall_test:   0.036076923076923076

