EXPERIMENT 152: RANDOM FOREST

Parameters
	n_estimators:   60
	max_depth:   8
	random_state:   42
	weighted:   False
	class_weight:   None

Model
Features importance: [1.99055170e-03 9.37024068e-04 2.27901238e-03 1.66601282e-03
 5.95267378e-03 5.23544692e-03 1.54991279e-03 7.17925117e-03
 1.73538926e-03 1.12513056e-03 1.61548806e-03 4.22251437e-03
 5.70055172e-03 2.81022032e-03 1.76713692e-03 7.72335978e-03
 1.14581629e-03 2.58789491e-03 4.49474898e-02 1.13237871e-03
 1.21074640e-03 1.80859546e-03 4.71788586e-04 1.37644794e-03
 3.36245575e-03 2.33464224e-03 3.55531575e-03 1.72177154e-03
 2.97767519e-02 1.64909257e-02 7.57292824e-03 1.24894238e-03
 1.51643165e-01 1.45755142e-02 3.71339095e-03 3.75980589e-03
 1.47169255e-02 2.42855690e-03 5.32466667e-03 5.70184336e-03
 4.80451504e-03 4.44600121e-03 4.00127569e-03 1.69874130e-02
 5.61163447e-03 8.88736301e-03 2.96558167e-03 3.66467725e-03
 1.62903089e-03 1.23428299e-03 1.49931651e-02 1.31532455e-02
 2.44850052e-02 2.61232893e-03 1.42714773e-04 2.81700044e-03
 1.44089104e-02 2.87429880e-03 1.16822613e-03 1.80453970e-03
 5.06203339e-03 4.08442950e-03 7.76012536e-03 1.16651532e-03
 3.42197972e-03 1.13929963e-03 1.54367731e-03 2.52294126e-03
 3.54403147e-03 7.34102002e-02 4.29161045e-03 1.57459757e-03
 1.65802913e-03 2.36783397e-03 5.74260713e-03 9.83883149e-03
 3.45253300e-03 8.23180795e-02 4.49087596e-03 3.98754764e-03
 1.76425675e-03 2.27452166e-03 9.96109182e-02 3.67931415e-03
 5.90731099e-02 1.68051231e-03 2.36641290e-03 7.32653017e-02
 2.02231758e-02 3.89505095e-03]

Data shape
	X_train:   (300000, 90)
	y_train:   (300000,)
	X_test:   (150000, 90)
	y_test:   (150000,)

Results on train set
	brier_loss_train:   0.03617483551539405
	loss_train:   0.1421407551768806
	accuracy_train:   0.94776
	roc_auc_train:   0.9843669461763584
	recall_train:   0.4596551724137931

Results on test set
	brier_loss_test:   0.06715953108747344
	loss_test:   0.2414857744010161
	accuracy_test:   0.91418
	roc_auc_test:   0.800439127175744
	recall_test:   0.014692307692307692

