EXPERIMENT 164: RANDOM FOREST

Parameters
	n_estimators:   40
	max_depth:   6
	random_state:   42
	weighted:   False
	class_weight:   None

Model
Features importance: [1.16495084e-03 6.73577182e-04 2.45426208e-03 9.27966896e-04
 3.62300388e-03 5.82379070e-03 9.18304722e-04 6.01259507e-03
 8.89449750e-04 9.89358174e-04 2.10531851e-03 4.90702157e-03
 3.04384743e-03 2.25927334e-03 1.72106891e-03 1.17063334e-02
 2.07105961e-03 6.39667439e-04 3.89100910e-02 6.62588775e-04
 4.96593747e-04 2.08119972e-03 5.18086230e-04 1.07101467e-03
 1.67747698e-03 1.35578841e-03 2.26639421e-03 9.23570071e-04
 2.96328233e-02 1.82180656e-02 7.74076113e-03 1.69345137e-03
 1.84015560e-01 1.70968967e-02 3.81389409e-03 4.40109386e-03
 1.43137952e-02 2.02994887e-03 6.12210361e-03 5.95102555e-03
 2.15367981e-03 6.34635528e-03 1.91670363e-03 2.11597686e-02
 6.12935297e-03 5.90349052e-03 1.62733161e-03 1.81088968e-03
 1.08169827e-03 1.15158646e-03 1.47971186e-02 1.00699791e-02
 2.28326683e-02 1.07288261e-03 1.51724992e-04 3.21608880e-03
 1.10803959e-02 2.83887808e-03 1.53370067e-03 1.51695762e-03
 4.05262301e-03 3.10825416e-03 1.07315803e-02 6.32863131e-04
 9.19671904e-04 2.70413500e-04 8.83758995e-04 2.43001486e-04
 1.51115444e-03 6.38999084e-02 7.55871022e-03 6.93613826e-04
 1.31267739e-03 1.45531342e-03 5.64992948e-03 3.64148328e-03
 4.16495334e-03 8.28920870e-02 6.03669870e-03 4.04655889e-03
 1.52190988e-03 2.30505759e-03 1.03677525e-01 3.45403321e-03
 4.93618300e-02 1.15924993e-03 4.18878717e-03 8.26430469e-02
 2.95364289e-02 3.13255241e-03]

Data shape
	X_train:   (300000, 90)
	y_train:   (300000,)
	X_test:   (150000, 90)
	y_test:   (150000,)

Results on train set
	brier_loss_train:   0.04935924855916137
	loss_train:   0.18111748745498182
	accuracy_train:   0.9215866666666667
	roc_auc_train:   0.9732479188828093
	recall_train:   0.18882758620689655

Results on test set
	brier_loss_test:   0.06888628199150162
	loss_test:   0.2473375130314039
	accuracy_test:   0.9133466666666666
	roc_auc_test:   0.7995375864682763
	recall_test:   0.00015384615384615385

