EXPERIMENT 1: RANDOM FOREST

Parameters
	n_estimators:   100
	max_depth:   10
	random_state:   42
	weighted:   True
	class_weight:   balanced

Model
Features importance: [0.00290994 0.00087427 0.00424946 0.00202061 0.00895417 0.00269719
 0.01231135 0.00212131 0.0020098  0.00135923 0.00390659 0.0368909
 0.00422403 0.00310357 0.00695662 0.00665339 0.00194381 0.00133636
 0.03788635 0.00167018 0.00200393 0.00296716 0.00163747 0.00230492
 0.00197924 0.00322612 0.00346724 0.0018527  0.00804566 0.01277744
 0.02947703 0.00169077 0.12943031 0.00817886 0.00191188 0.00198346
 0.01534697 0.00246864 0.00516542 0.00381665 0.00993342 0.0039342
 0.00356256 0.01459148 0.00203756 0.00329337 0.00179297 0.00231643
 0.00140907 0.00216437 0.03102528 0.00878071 0.00240264 0.00177392
 0.0003862  0.00359086 0.02907739 0.00235117 0.00150933 0.00306087
 0.00206835 0.00256164 0.00213387 0.0010708  0.00853546 0.00243413
 0.0039401  0.00198983 0.00301515 0.02100871 0.03493543 0.00171913
 0.00133648 0.01888849 0.00217193 0.00538689 0.00126336 0.07649858
 0.00134298 0.00123308 0.0015955  0.00166679 0.16273512 0.0050291
 0.0042425  0.00191408 0.00691836 0.10462955 0.00337027 0.0015595 ]

Data shape
	X_train:   (300000, 90)
	y_train:   (300000,)
	X_test:   (150000, 90)
	y_test:   (150000,)

Results on train set
	brier_loss_train:   0.06611470236238443
	loss_train:   0.27231422268497374
	accuracy_train:   0.9734733333333333
	roc_auc_train:   0.9955245788902456
	recall_train:   0.9564444444444444

Results on test set
	brier_loss_test:   0.11964253982473068
	loss_test:   0.4031035789409017
	accuracy_test:   0.8720666666666667
	roc_auc_test:   0.65544026
	recall_test:   0.14106666666666667

