EXPERIMENT 197: RANDOM FOREST

Parameters
	n_estimators:   80
	max_depth:   4
	random_state:   42
	weighted:   True
	class_weight:   None

Model
Features importance: [4.80125701e-05 8.00495084e-04 6.03798399e-04 1.40724641e-03
 2.76334459e-03 3.79135282e-03 2.96003095e-03 1.87583242e-02
 4.90601681e-04 7.31881042e-05 2.49100976e-03 4.87012389e-03
 2.61168159e-04 1.45697141e-03 1.44577666e-03 1.81506869e-03
 9.91582723e-04 1.41450237e-03 2.07283924e-02 1.64511462e-04
 4.39438215e-04 1.83009196e-04 7.48806819e-04 3.47787221e-04
 2.69027884e-03 6.52169386e-04 1.10842272e-03 7.85709888e-04
 2.05488080e-02 1.84715138e-02 5.35489856e-03 4.78636209e-04
 1.43305261e-01 2.33095699e-02 1.20488232e-03 2.69080220e-03
 1.19133320e-03 8.19230401e-04 4.04984834e-04 2.75545354e-03
 3.49517950e-03 3.42738537e-03 3.87806112e-03 4.34056593e-02
 6.82783102e-03 1.19844424e-03 3.21322808e-03 3.24089694e-03
 1.51502521e-06 1.04050019e-03 2.52475035e-02 3.10560364e-03
 1.99261243e-02 1.31866097e-03 0.00000000e+00 1.48787972e-03
 1.98219551e-02 4.96773242e-03 2.12799427e-03 1.12692557e-02
 6.26768213e-03 5.29853935e-03 1.31237201e-02 3.86818995e-04
 1.49680057e-03 2.52725925e-03 3.59745281e-03 8.18661802e-04
 2.48789219e-03 9.06538762e-02 1.10086435e-03 2.03403145e-03
 1.15389655e-03 3.04038833e-03 1.02726797e-03 6.45994270e-03
 1.74784182e-03 1.16834740e-01 3.62393009e-03 3.43761412e-03
 2.77106356e-03 9.87905237e-04 1.48834471e-01 1.47839492e-03
 7.58498054e-02 1.85649434e-03 1.57345301e-03 2.09318867e-02
 2.19028937e-02 2.86650169e-03]

Data shape
	X_train:   (300000, 90)
	y_train:   (300000,)
	X_test:   (150000, 90)
	y_test:   (150000,)

Results on train set
	brier_loss_train:   0.060721486312582264
	loss_train:   0.21853032594129856
	accuracy_train:   0.9096033333333333
	roc_auc_train:   0.925120262079832
	recall_train:   0.031464285714285715

Results on test set
	brier_loss_test:   0.07609616194084151
	loss_test:   0.2705110832913358
	accuracy_test:   0.9066666666666666
	roc_auc_test:   0.7917154275210084
	recall_test:   0.0

