EXPERIMENT 181: RANDOM FOREST

Parameters
	n_estimators:   100
	max_depth:   8
	random_state:   42
	weighted:   True
	class_weight:   None

Model
Features importance: [0.00229467 0.00113512 0.00191272 0.00152171 0.00309377 0.00474891
 0.00415294 0.01296745 0.00145621 0.00175554 0.00499797 0.00819125
 0.00143208 0.00154525 0.00329373 0.00160852 0.00224627 0.00247545
 0.0269583  0.00119229 0.00151135 0.00164955 0.00084947 0.00186284
 0.00266242 0.00137061 0.00162019 0.00193666 0.01585656 0.01550224
 0.01549111 0.00168345 0.1386229  0.01691446 0.00341488 0.00348771
 0.00269255 0.00292604 0.0026279  0.00502204 0.00637777 0.00771601
 0.00761442 0.02848847 0.00665165 0.00316321 0.00274163 0.00232539
 0.00158377 0.00137911 0.02240499 0.00694035 0.02466371 0.00212941
 0.00031026 0.00255834 0.01500764 0.0036175  0.00163725 0.00972149
 0.00615821 0.00553733 0.0067807  0.00130594 0.00649535 0.00150081
 0.00376725 0.00272712 0.00372912 0.07784026 0.00242823 0.00197696
 0.00252471 0.00516261 0.00146906 0.01104024 0.00297209 0.10663009
 0.00612345 0.00403659 0.00327201 0.00235284 0.13053026 0.00407312
 0.06358611 0.00191994 0.00234939 0.03047381 0.01518698 0.00233198]

Data shape
	X_train:   (300000, 90)
	y_train:   (300000,)
	X_test:   (150000, 90)
	y_test:   (150000,)

Results on train set
	brier_loss_train:   0.03721278236549986
	loss_train:   0.14856947294466039
	accuracy_train:   0.9470933333333333
	roc_auc_train:   0.969759430672269
	recall_train:   0.43325

Results on test set
	brier_loss_test:   0.06963315095299717
	loss_test:   0.24857879313641562
	accuracy_test:   0.90688
	roc_auc_test:   0.8129714716386556
	recall_test:   0.002285714285714286

