EXPERIMENT 141: RANDOM FOREST

Parameters
	n_estimators:   80
	max_depth:   8
	random_state:   42
	weighted:   True
	class_weight:   None

Model
Features importance: [0.00199173 0.00084535 0.00200728 0.00178816 0.00544741 0.00477922
 0.00160975 0.00730551 0.00174357 0.00111347 0.00230157 0.00463595
 0.00525956 0.00268628 0.00219142 0.00776968 0.00113337 0.00222533
 0.04324027 0.00111559 0.00105168 0.00175207 0.00049789 0.00127925
 0.00371113 0.00228137 0.00358861 0.00188111 0.0311334  0.01491789
 0.00814717 0.00200805 0.15164597 0.01484239 0.00363883 0.0036228
 0.01398906 0.00239569 0.00593719 0.00603534 0.00515859 0.00457557
 0.00404692 0.01658644 0.00472344 0.00937049 0.00333042 0.00308929
 0.00162064 0.00135568 0.01388052 0.01280107 0.02297918 0.00271322
 0.00015578 0.00245586 0.01537577 0.00278104 0.00102802 0.00165081
 0.00427623 0.00380504 0.00785445 0.0010618  0.00290385 0.00140626
 0.00147986 0.00275194 0.00410912 0.07694663 0.0043915  0.00166704
 0.001552   0.00240876 0.00554973 0.00908652 0.00318342 0.08532004
 0.0047797  0.00401805 0.00215278 0.00218425 0.10025058 0.00366155
 0.05932376 0.00179113 0.00302222 0.0703118  0.01986295 0.00366092]

Data shape
	X_train:   (300000, 90)
	y_train:   (300000,)
	X_test:   (150000, 90)
	y_test:   (150000,)

Results on train set
	brier_loss_train:   0.03604093401028112
	loss_train:   0.1417573108030219
	accuracy_train:   0.9481533333333333
	roc_auc_train:   0.9844135258938796
	recall_train:   0.4637586206896552

Results on test set
	brier_loss_test:   0.0670095991756872
	loss_test:   0.24090138873688624
	accuracy_test:   0.9138
	roc_auc_test:   0.8017194329028636
	recall_test:   0.011538461538461539

