EXPERIMENT 155: RANDOM FOREST

Parameters
	n_estimators:   60
	max_depth:   5
	random_state:   42
	weighted:   True
	class_weight:   None

Model
Features importance: [4.15220572e-04 8.12985188e-05 1.04011682e-03 6.37349377e-04
 7.09020323e-03 4.96931654e-03 1.68057535e-03 5.62317779e-03
 5.16499238e-04 4.85505063e-04 3.50475669e-03 3.05810827e-03
 2.33807393e-03 8.76395205e-04 1.80325584e-03 9.86097834e-03
 9.99556372e-04 1.56472981e-03 4.28396558e-02 7.43731836e-04
 6.67530969e-04 7.48250894e-04 2.47497438e-04 5.01120456e-04
 3.26531266e-03 9.44892036e-04 1.15904987e-03 7.17063795e-04
 3.71243806e-02 1.70879525e-02 3.04980812e-03 1.92691902e-03
 1.79965138e-01 1.77804831e-02 2.63499636e-03 2.61359719e-03
 1.27104275e-02 1.65474700e-03 3.26980899e-03 2.47561486e-03
 1.29263259e-03 2.60383758e-03 2.23350968e-03 1.59287393e-02
 6.10040930e-03 9.01645837e-03 9.31289748e-04 1.66889247e-03
 7.48261203e-04 1.11500157e-03 1.04991400e-02 1.20727015e-02
 1.84054313e-02 2.26001346e-03 0.00000000e+00 2.45885688e-03
 2.10201527e-02 2.14908335e-03 2.87977479e-04 6.59906198e-04
 3.85037983e-03 1.82054568e-03 1.03449505e-02 6.82734498e-04
 6.77784710e-04 9.16761937e-04 9.73549699e-04 1.69873861e-03
 2.66487352e-03 8.58780515e-02 5.76223248e-03 6.63275000e-04
 1.97071827e-03 5.71116818e-04 6.68657910e-03 6.75971457e-03
 3.13725071e-03 7.15811167e-02 5.51525440e-03 4.07046899e-03
 1.00860733e-03 5.05183173e-04 1.04721996e-01 2.42449875e-03
 7.26821480e-02 3.68119084e-04 4.46631323e-04 7.77180442e-02
 2.87045209e-02 3.06876260e-03]

Data shape
	X_train:   (300000, 90)
	y_train:   (300000,)
	X_test:   (150000, 90)
	y_test:   (150000,)

Results on train set
	brier_loss_train:   0.055202160571811786
	loss_train:   0.19899496126237215
	accuracy_train:   0.91251
	roc_auc_train:   0.9641648898714849
	recall_train:   0.09493103448275862

Results on test set
	brier_loss_test:   0.06959687036058577
	loss_test:   0.25181745314577014
	accuracy_test:   0.9133333333333333
	roc_auc_test:   0.7840266951151039
	recall_test:   0.0

