EXPERIMENT 111: RANDOM FOREST

Parameters
	n_estimators:   80
	max_depth:   10
	random_state:   42
	weighted:   True
	class_weight:   None

Model
Features importance: [0.00273296 0.00159693 0.00256547 0.00260784 0.00359734 0.00522896
 0.00383177 0.01444589 0.0020759  0.00182194 0.00531597 0.00978581
 0.0020662  0.00236987 0.00351208 0.00319687 0.00233693 0.00283322
 0.02612469 0.00194419 0.00206644 0.00222088 0.00106225 0.00260495
 0.00331469 0.00242721 0.00250176 0.00304433 0.01647887 0.01360553
 0.01361068 0.00220119 0.13024777 0.01714762 0.00384951 0.00399703
 0.00335577 0.00254977 0.00415103 0.0074398  0.00840712 0.00722623
 0.00509774 0.02267567 0.00539096 0.00297147 0.00310988 0.00317613
 0.00227465 0.00194851 0.02198579 0.00806279 0.02297001 0.00293186
 0.00021885 0.00368349 0.01910754 0.00382653 0.00231123 0.00870432
 0.00783941 0.00501929 0.00738391 0.00190436 0.00592133 0.00225849
 0.00502413 0.00284318 0.00481901 0.08010305 0.00307637 0.0023609
 0.00313479 0.00754423 0.0025212  0.01049427 0.00387045 0.10054602
 0.00472717 0.00431199 0.00459573 0.00289541 0.12176202 0.00495961
 0.05161311 0.00239552 0.00238976 0.03045437 0.01562279 0.00365945]

Data shape
	X_train:   (300000, 90)
	y_train:   (300000,)
	X_test:   (150000, 90)
	y_test:   (150000,)

Results on train set
	brier_loss_train:   0.028778919391840196
	loss_train:   0.12014910948313152
	accuracy_train:   0.9639466666666666
	roc_auc_train:   0.987114128019958
	recall_train:   0.6138214285714285

Results on test set
	brier_loss_test:   0.0683460458108298
	loss_test:   0.24260213633943598
	accuracy_test:   0.9083
	roc_auc_test:   0.8281411418067227
	recall_test:   0.017642857142857144

