EXPERIMENT 19: RANDOM FOREST

Parameters
	n_estimators:   80
	max_depth:   4
	random_state:   42
	weighted:   True
	class_weight:   balanced

Model
Features importance: [8.34662091e-04 2.69504171e-05 2.28541340e-03 5.78714539e-05
 1.75455218e-02 1.06657975e-03 1.30189735e-02 1.32556412e-03
 5.00612897e-04 1.58609390e-04 8.62539478e-04 4.52217302e-02
 4.28799344e-03 5.31533873e-04 3.96069708e-03 6.82787535e-03
 0.00000000e+00 3.23263988e-05 4.60096980e-02 1.22526582e-04
 1.01204512e-03 1.50678899e-03 8.88989893e-04 3.66952189e-04
 6.78578992e-04 2.17264093e-03 1.79656725e-03 1.37447405e-04
 1.04731256e-02 1.57913478e-02 3.59328178e-02 3.43611630e-04
 1.44791942e-01 9.08630847e-03 1.76034466e-04 3.57051081e-04
 2.40481107e-02 3.44954337e-04 3.87273018e-03 1.82494869e-03
 6.93040918e-03 2.17986004e-03 6.52416720e-04 1.74012927e-02
 9.68926461e-05 1.67932133e-03 9.25641515e-04 9.31931674e-04
 6.13113664e-05 8.64516137e-04 2.82812163e-02 9.56362863e-03
 7.73266153e-04 1.01522881e-03 4.52130167e-04 2.11436343e-03
 4.18019872e-02 1.15833540e-03 1.24261635e-04 1.12235189e-03
 1.10435525e-03 3.00530631e-04 1.20626996e-03 3.97124075e-04
 5.46458148e-03 9.12959930e-04 1.24324105e-03 1.28263635e-03
 1.66835707e-03 2.00286425e-02 5.60216565e-02 1.97207306e-04
 0.00000000e+00 1.06290057e-02 6.75485142e-04 2.93190746e-03
 2.93641501e-04 7.37334674e-02 6.65183540e-05 0.00000000e+00
 4.24926497e-04 1.84593930e-05 1.71213468e-01 3.87530225e-03
 1.42627848e-03 4.12460495e-04 6.90527399e-03 1.17655747e-01
 1.18900196e-03 3.10459189e-04]

Data shape
	X_train:   (300000, 90)
	y_train:   (300000,)
	X_test:   (150000, 90)
	y_test:   (150000,)

Results on train set
	brier_loss_train:   0.1650002971943443
	loss_train:   0.5169695846909814
	accuracy_train:   0.9029
	roc_auc_train:   0.9587417827974495
	recall_train:   0.8647407407407407

Results on test set
	brier_loss_test:   0.18255389239381611
	loss_test:   0.5541711002975691
	accuracy_test:   0.8430666666666666
	roc_auc_test:   0.7011359353086419
	recall_test:   0.3734

