EXPERIMENT 18: RANDOM FOREST

Parameters
	n_estimators:   100
	max_depth:   6
	random_state:   42
	weighted:   False
	class_weight:   None

Model
Features importance: [0.00173438 0.00093942 0.0015317  0.00112309 0.00494376 0.00438161
 0.00228781 0.01117185 0.00066741 0.00073912 0.00298131 0.008129
 0.00079142 0.00125554 0.00222102 0.00098868 0.00160349 0.00174261
 0.0229087  0.00105511 0.00060639 0.00088996 0.00147703 0.00142681
 0.00276091 0.00121904 0.00096455 0.000802   0.0186346  0.01254762
 0.01379605 0.00113674 0.1487576  0.01886501 0.00240441 0.00301446
 0.00173611 0.00169748 0.00244215 0.00594117 0.00586015 0.00592208
 0.00433936 0.03023336 0.00604603 0.00304228 0.00317022 0.00350934
 0.00116149 0.0007213  0.02293041 0.00671462 0.02802782 0.00253698
 0.00018445 0.00236709 0.01819393 0.00300475 0.00169504 0.00828085
 0.00526772 0.00709998 0.0075496  0.00076954 0.00430974 0.00082829
 0.00289623 0.00147619 0.00250021 0.09014585 0.00216169 0.00261783
 0.00146315 0.00454278 0.00193292 0.01082594 0.00276317 0.11166508
 0.00400034 0.00301807 0.00352109 0.00213751 0.1315381  0.00387264
 0.06164001 0.00151874 0.00179977 0.03044832 0.02068509 0.00274574]

Data shape
	X_train:   (300000, 90)
	y_train:   (300000,)
	X_test:   (150000, 90)
	y_test:   (150000,)

Results on train set
	brier_loss_train:   0.04882178278555228
	loss_train:   0.18334044529260224
	accuracy_train:   0.92665
	roc_auc_train:   0.9518283363970588
	recall_train:   0.2145

Results on test set
	brier_loss_test:   0.07242039643779202
	loss_test:   0.257646553707958
	accuracy_test:   0.9066666666666666
	roc_auc_test:   0.8027635861344538
	recall_test:   0.0

