EXPERIMENT 195: RANDOM FOREST

Parameters
	n_estimators:   80
	max_depth:   5
	random_state:   42
	weighted:   True
	class_weight:   None

Model
Features importance: [1.09018266e-03 5.20810862e-04 6.42418882e-04 5.10242817e-04
 2.94942710e-03 6.31156456e-03 5.28261003e-03 1.36581363e-02
 8.47483037e-04 4.85871917e-04 5.85230234e-03 7.84830452e-03
 1.07330111e-03 1.20509829e-03 5.22864208e-03 1.29703356e-03
 1.14281979e-03 1.37131752e-03 2.26710612e-02 6.57441926e-04
 3.57853996e-04 6.46193640e-04 5.27037606e-04 4.74688301e-04
 1.82875861e-03 1.83122984e-03 8.98459861e-04 1.01442421e-03
 1.88778319e-02 1.20602003e-02 7.05628824e-03 9.53753009e-04
 1.51808257e-01 1.92792576e-02 1.70852334e-03 3.20522731e-03
 1.91874050e-03 1.35924962e-03 1.62362099e-03 3.74040694e-03
 5.79730434e-03 5.27199209e-03 2.48208843e-03 3.70157620e-02
 4.75032444e-03 3.35345001e-03 2.02463394e-03 3.12944141e-03
 1.28290284e-03 9.77684870e-04 2.35629661e-02 4.25574575e-03
 2.28471317e-02 1.78936879e-03 6.39654058e-05 2.00567333e-03
 1.98922296e-02 4.55527614e-03 2.07076006e-03 7.38277805e-03
 6.94682935e-03 4.50610029e-03 8.65927340e-03 7.50274890e-04
 1.72183916e-03 1.07348267e-03 2.67207921e-03 1.50887048e-03
 2.04215222e-03 9.24684100e-02 5.73425261e-04 2.35264118e-03
 1.89405601e-03 2.58216013e-03 2.17468046e-03 8.96417036e-03
 3.57584951e-03 1.13920313e-01 5.99079361e-03 6.15011722e-03
 1.68572408e-03 1.07708330e-03 1.41924173e-01 1.00385705e-03
 6.74400599e-02 9.98947225e-04 1.22657604e-03 2.39462694e-02
 2.06356131e-02 3.20662625e-03]

Data shape
	X_train:   (300000, 90)
	y_train:   (300000,)
	X_test:   (150000, 90)
	y_test:   (150000,)

Results on train set
	brier_loss_train:   0.054925919779591374
	loss_train:   0.2012055355684391
	accuracy_train:   0.9172366666666667
	roc_auc_train:   0.9391263947610294
	recall_train:   0.11353571428571428

Results on test set
	brier_loss_test:   0.07410130854377373
	loss_test:   0.2637520726012653
	accuracy_test:   0.9066666666666666
	roc_auc_test:   0.7965202809873949
	recall_test:   0.0

