EXPERIMENT 103: RANDOM FOREST

Parameters
	n_estimators:   60
	max_depth:   6
	random_state:   42
	weighted:   True
	class_weight:   balanced

Model
Features importance: [1.78213039e-03 3.32777745e-04 3.51664466e-03 7.85725963e-04
 1.17744872e-02 1.97994377e-03 1.64573912e-02 1.66223699e-03
 9.00735539e-04 3.38592988e-04 1.08319089e-03 4.06792092e-02
 6.04464444e-03 1.06792563e-03 3.07146707e-03 6.60178152e-03
 8.72354256e-04 4.47871572e-04 3.59217425e-02 5.84296222e-04
 3.34916605e-04 1.53131302e-03 1.22051863e-03 1.06636734e-03
 1.13026597e-03 2.69515416e-03 2.25081636e-03 3.49320186e-04
 6.05854051e-03 1.50895659e-02 3.49893950e-02 4.96653845e-04
 1.51546418e-01 9.22126787e-03 3.64467044e-04 2.99718949e-04
 1.55833530e-02 1.16065762e-03 5.83203858e-03 2.18668018e-03
 4.56712900e-03 2.42204541e-03 1.97763674e-03 1.73000509e-02
 6.38381636e-04 3.02218242e-03 7.09832905e-04 1.42041353e-03
 2.72338968e-04 8.52084195e-04 2.66275057e-02 7.60070340e-03
 1.68973756e-03 4.16042744e-04 4.70283223e-05 3.15794453e-03
 2.65787900e-02 1.49587710e-03 4.52778422e-04 1.94179865e-03
 1.07970786e-03 1.29427351e-03 1.02419485e-03 4.16419671e-04
 8.19674885e-03 1.31047790e-03 3.05941785e-03 7.28919609e-04
 1.30305031e-03 1.63817742e-02 4.67450777e-02 7.20642613e-04
 2.93800534e-04 1.39988821e-02 1.55574096e-03 4.16453721e-03
 3.42204517e-04 8.22752613e-02 3.71165864e-04 5.49920396e-04
 6.61526038e-04 6.40099154e-04 1.84473014e-01 4.67271218e-03
 3.07854123e-03 5.53194433e-04 8.18009419e-03 1.17483300e-01
 1.55622157e-03 3.86199300e-04]

Data shape
	X_train:   (300000, 90)
	y_train:   (300000,)
	X_test:   (150000, 90)
	y_test:   (150000,)

Results on train set
	brier_loss_train:   0.12816112718901912
	loss_train:   0.4327821360118968
	accuracy_train:   0.9295466666666666
	roc_auc_train:   0.9755352573599241
	recall_train:   0.8958148148148148

Results on test set
	brier_loss_test:   0.15758959383034482
	loss_test:   0.49814657961690334
	accuracy_test:   0.8554066666666666
	roc_auc_test:   0.6965153491358025
	recall_test:   0.3064

