EXPERIMENT 114: RANDOM FOREST

Parameters
	n_estimators:   80
	max_depth:   8
	random_state:   42
	weighted:   False
	class_weight:   None

Model
Features importance: [0.00240763 0.00123093 0.00213966 0.0013905  0.00332775 0.0050966
 0.00378252 0.01318579 0.00155467 0.00180461 0.00574339 0.00874726
 0.00120762 0.00174908 0.00338772 0.00166733 0.00206773 0.00274447
 0.0286079  0.00125332 0.00158466 0.00148378 0.00083847 0.00171113
 0.00260654 0.00158609 0.00169463 0.00205719 0.01529167 0.01462907
 0.01474289 0.00176821 0.14003441 0.01770272 0.00333181 0.00388617
 0.00304655 0.00275737 0.00256047 0.00432346 0.00579823 0.00752918
 0.00808991 0.02793598 0.00667806 0.0029897  0.00270726 0.00261751
 0.00132591 0.00135998 0.01990824 0.00644569 0.02511706 0.00220953
 0.00035842 0.00263091 0.01456189 0.00384194 0.00186201 0.00927672
 0.00670088 0.0049635  0.00721562 0.00118878 0.00538596 0.00157169
 0.00392255 0.00275359 0.00407108 0.08125185 0.00253644 0.00239438
 0.00263803 0.00535232 0.00156242 0.00946036 0.00286444 0.1053258
 0.0058741  0.00397087 0.00343514 0.00258562 0.13121466 0.00395986
 0.06358432 0.00182229 0.00255441 0.02951259 0.01440365 0.00194491]

Data shape
	X_train:   (300000, 90)
	y_train:   (300000,)
	X_test:   (150000, 90)
	y_test:   (150000,)

Results on train set
	brier_loss_train:   0.037422936270863794
	loss_train:   0.14930239544141477
	accuracy_train:   0.9468566666666667
	roc_auc_train:   0.9692862914915966
	recall_train:   0.43075

Results on test set
	brier_loss_test:   0.06962189554994604
	loss_test:   0.24871600804164973
	accuracy_test:   0.9068466666666667
	roc_auc_test:   0.8124261764705882
	recall_test:   0.0019285714285714286

