EXPERIMENT 115: RANDOM FOREST

Parameters
	n_estimators:   80
	max_depth:   6
	random_state:   42
	weighted:   True
	class_weight:   None

Model
Features importance: [0.00165503 0.00087987 0.00162155 0.00105753 0.00509464 0.00466432
 0.00254072 0.01270212 0.00063172 0.00079983 0.00289472 0.00836912
 0.00086797 0.00147587 0.00212067 0.001065   0.00178527 0.00188343
 0.02280406 0.00117953 0.00069242 0.00093544 0.00142694 0.00169193
 0.00287612 0.00139384 0.00106082 0.00079722 0.01860347 0.01367075
 0.01385382 0.00100177 0.14783496 0.01994414 0.00236869 0.00313023
 0.00197342 0.00142708 0.00223278 0.00597343 0.00549379 0.00622545
 0.0037938  0.02836346 0.00607175 0.00372713 0.00343418 0.00333179
 0.00110062 0.00080877 0.02034378 0.00707448 0.02610455 0.00234384
 0.00022577 0.00249385 0.0197742  0.00334422 0.00198775 0.0083213
 0.00457942 0.00687965 0.00839813 0.00084481 0.00343844 0.00092878
 0.0031324  0.00161303 0.00194493 0.09323072 0.00199146 0.00236676
 0.00113497 0.00463221 0.00144437 0.0117315  0.00332171 0.1180344
 0.00432151 0.00338583 0.00389209 0.00231322 0.12077679 0.00355115
 0.06486474 0.00150602 0.00213454 0.02791502 0.02043244 0.00191221]

Data shape
	X_train:   (300000, 90)
	y_train:   (300000,)
	X_test:   (150000, 90)
	y_test:   (150000,)

Results on train set
	brier_loss_train:   0.049227241845545305
	loss_train:   0.184734978112183
	accuracy_train:   0.9268833333333333
	roc_auc_train:   0.9494412429753151
	recall_train:   0.21689285714285714

Results on test set
	brier_loss_test:   0.07331983262229437
	loss_test:   0.26059691598717133
	accuracy_test:   0.9066666666666666
	roc_auc_test:   0.7936491756827732
	recall_test:   0.0

