EXPERIMENT 180: RANDOM FOREST

Parameters
	n_estimators:   100
	max_depth:   10
	random_state:   42
	weighted:   False
	class_weight:   None

Model
Features importance: [0.00282197 0.00160541 0.0024777  0.00249727 0.00357161 0.00500246
 0.00488676 0.01422479 0.00214637 0.00177072 0.00543816 0.00963683
 0.00209648 0.00221429 0.00338292 0.00320238 0.00225374 0.00286316
 0.02621104 0.00222497 0.0019869  0.00243883 0.00100847 0.00257568
 0.00352535 0.0024986  0.00245735 0.00288031 0.01757663 0.01392437
 0.01424131 0.00248342 0.13136943 0.01708805 0.00377131 0.00380318
 0.00334516 0.00235495 0.00389114 0.00742938 0.0077973  0.00704286
 0.00481399 0.0232397  0.00522889 0.00316187 0.00308865 0.00332735
 0.0025268  0.00186578 0.02189112 0.00795941 0.02256503 0.0027851
 0.00020508 0.00345945 0.01910203 0.00365185 0.00232189 0.00927755
 0.00736247 0.00521657 0.00710661 0.00203738 0.00636972 0.00226727
 0.00494764 0.00294645 0.00482322 0.07697551 0.00328597 0.00234168
 0.00304532 0.00698865 0.00269821 0.01100848 0.00373464 0.09914143
 0.0047255  0.00443511 0.0045239  0.00282337 0.123859   0.00482972
 0.05251577 0.00243584 0.00217563 0.02958781 0.01537725 0.00392335]

Data shape
	X_train:   (300000, 90)
	y_train:   (300000,)
	X_test:   (150000, 90)
	y_test:   (150000,)

Results on train set
	brier_loss_train:   0.02879790791781805
	loss_train:   0.12029962037254993
	accuracy_train:   0.9643566666666666
	roc_auc_train:   0.9873352384453783
	recall_train:   0.6181428571428571

Results on test set
	brier_loss_test:   0.06826854761796386
	loss_test:   0.24242587415339314
	accuracy_test:   0.9084533333333333
	roc_auc_test:   0.8292530147058823
	recall_test:   0.019214285714285715

