EXPERIMENT 126: RANDOM FOREST

Parameters
	n_estimators:   20
	max_depth:   5
	random_state:   42
	weighted:   False
	class_weight:   balanced

Model
Features importance: [2.64839169e-03 0.00000000e+00 4.50660991e-03 0.00000000e+00
 1.80671966e-02 2.88374542e-03 1.36933454e-02 6.68795558e-04
 3.04350503e-04 0.00000000e+00 3.02648720e-05 4.00922646e-02
 3.09362086e-03 1.10344253e-03 4.77668402e-05 5.28097338e-03
 1.34070142e-04 0.00000000e+00 4.76781962e-02 4.07828359e-04
 4.39753476e-04 2.11698600e-03 4.18304876e-04 5.12408677e-04
 1.45448915e-03 9.60084457e-04 5.05951012e-04 2.95583314e-05
 9.16024581e-03 1.67033151e-02 1.73187043e-02 7.37903712e-05
 2.10708566e-01 1.04680530e-03 3.01107323e-04 8.74970403e-05
 1.69610155e-02 1.13052991e-04 7.93982238e-03 4.50685655e-04
 6.15200512e-03 3.80154436e-03 2.28587935e-03 6.23396378e-03
 9.46963487e-05 5.12452478e-04 8.09038822e-04 0.00000000e+00
 8.83573312e-05 1.29565838e-03 4.26980874e-02 2.15320655e-03
 9.52272089e-04 8.09131262e-04 0.00000000e+00 6.15413298e-03
 2.28796144e-02 1.34274032e-04 1.01886934e-04 2.31599060e-03
 7.15072022e-04 1.08245156e-03 7.26860749e-05 0.00000000e+00
 7.69964330e-03 2.51043960e-03 1.87080529e-03 5.99255882e-04
 1.45085582e-03 1.74059953e-02 3.36260145e-02 0.00000000e+00
 6.90813733e-05 2.04276612e-02 2.09840058e-03 1.34431404e-03
 8.83866815e-04 5.03607476e-02 2.96832119e-04 5.71659238e-04
 1.98579302e-04 1.34007944e-04 2.11134231e-01 8.38626986e-04
 3.41260166e-03 2.57729424e-04 2.21116903e-03 1.08517671e-01
 1.95106491e-03 8.43338373e-04]

Data shape
	X_train:   (300000, 90)
	y_train:   (300000,)
	X_test:   (150000, 90)
	y_test:   (150000,)

Results on train set
	brier_loss_train:   0.1385265212415596
	loss_train:   0.45765970368581327
	accuracy_train:   0.9164433333333334
	roc_auc_train:   0.9560591032424365
	recall_train:   0.8308518518518518

Results on test set
	brier_loss_test:   0.1567291314899242
	loss_test:   0.49696132805243737
	accuracy_test:   0.8642133333333333
	roc_auc_test:   0.7276741479012345
	recall_test:   0.34026666666666666

