EXPERIMENT 150: RANDOM FOREST

Parameters
	n_estimators:   60
	max_depth:   10
	random_state:   42
	weighted:   False
	class_weight:   None

Model
Features importance: [0.00238128 0.00138585 0.00287911 0.00244746 0.00657237 0.00514361
 0.00354769 0.00839166 0.0021843  0.00176621 0.00300684 0.00576772
 0.00578075 0.00311363 0.00291833 0.00885001 0.00225034 0.00271668
 0.03718261 0.00210409 0.00187511 0.00357219 0.00135842 0.00186711
 0.00388954 0.00304502 0.00429557 0.00243692 0.02773663 0.01728824
 0.01088305 0.00257241 0.13458995 0.01395887 0.00242796 0.00395381
 0.0145382  0.00321402 0.00738784 0.00648261 0.00507599 0.00500282
 0.00429513 0.02035318 0.00554711 0.01027653 0.00309109 0.0026283
 0.00185819 0.0023305  0.01109443 0.01341205 0.02052166 0.00341434
 0.00040405 0.00372325 0.01545021 0.00275246 0.00179554 0.00230249
 0.00441545 0.00507135 0.00832052 0.00184864 0.00290461 0.00133748
 0.00333128 0.00376495 0.00522816 0.06184013 0.00493894 0.0017589
 0.00244755 0.00635797 0.00569885 0.00769184 0.00490433 0.08636052
 0.00522154 0.00484374 0.00328174 0.00255436 0.09114132 0.00425998
 0.05103376 0.00248095 0.0036815  0.07532594 0.02075286 0.00410752]

Data shape
	X_train:   (300000, 90)
	y_train:   (300000,)
	X_test:   (150000, 90)
	y_test:   (150000,)

Results on train set
	brier_loss_train:   0.02705837366666131
	loss_train:   0.11330177041077613
	accuracy_train:   0.9630366666666667
	roc_auc_train:   0.9918499030410995
	recall_train:   0.6176206896551724

Results on test set
	brier_loss_test:   0.0665323195195628
	loss_test:   0.2393304248024571
	accuracy_test:   0.9156733333333333
	roc_auc_test:   0.8046342245929253
	recall_test:   0.03107692307692308

