EXPERIMENT 107: RANDOM FOREST

Parameters
	n_estimators:   100
	max_depth:   5
	random_state:   42
	weighted:   True
	class_weight:   None

Model
Features importance: [1.39969705e-03 4.16648689e-04 6.27456303e-04 8.66500137e-04
 2.71186604e-03 5.97949889e-03 4.60412188e-03 1.25597745e-02
 7.48121573e-04 5.50772565e-04 4.75161128e-03 7.25295979e-03
 1.10659757e-03 1.45351959e-03 4.70639191e-03 1.12921148e-03
 9.90279065e-04 1.19920766e-03 2.01065934e-02 6.65108012e-04
 3.45207391e-04 7.69458227e-04 4.28731497e-04 4.46328138e-04
 1.98008693e-03 1.54505380e-03 7.43970421e-04 8.11539369e-04
 1.92260040e-02 1.26696569e-02 8.81657478e-03 8.43864420e-04
 1.54732090e-01 1.77151546e-02 1.61663814e-03 2.81080134e-03
 1.76547080e-03 1.36039989e-03 1.84259488e-03 3.88929767e-03
 5.24135052e-03 5.32067280e-03 3.20962640e-03 3.88365117e-02
 5.03282525e-03 2.76056185e-03 2.29823468e-03 3.44525595e-03
 1.17115192e-03 8.51559140e-04 2.54773116e-02 4.83643558e-03
 2.50553033e-02 1.81491579e-03 5.11723246e-05 2.24005438e-03
 2.01676371e-02 4.37501561e-03 2.04627447e-03 7.80190894e-03
 7.37153403e-03 4.58289091e-03 8.33549941e-03 6.98505874e-04
 2.99541704e-03 8.62620914e-04 2.13766337e-03 2.01487530e-03
 1.67461557e-03 8.69817554e-02 6.97569501e-04 2.43427938e-03
 2.68701573e-03 3.01592162e-03 2.04614949e-03 8.69793713e-03
 3.23121483e-03 1.07122373e-01 6.18984117e-03 5.61636311e-03
 2.15298495e-03 1.27707720e-03 1.54930323e-01 1.34982687e-03
 6.06223292e-02 8.95057643e-04 1.05347134e-03 2.37830521e-02
 2.05431256e-02 3.78006907e-03]

Data shape
	X_train:   (300000, 90)
	y_train:   (300000,)
	X_test:   (150000, 90)
	y_test:   (150000,)

Results on train set
	brier_loss_train:   0.05485438944203585
	loss_train:   0.20087446209479054
	accuracy_train:   0.91652
	roc_auc_train:   0.938356256039916
	recall_train:   0.10585714285714286

Results on test set
	brier_loss_test:   0.07350359235192734
	loss_test:   0.26199702952226694
	accuracy_test:   0.9066666666666666
	roc_auc_test:   0.7975143616071427
	recall_test:   0.0

