EXPERIMENT 120: RANDOM FOREST

Parameters
	n_estimators:   20
	max_depth:   10
	random_state:   42
	weighted:   False
	class_weight:   balanced

Model
Features importance: [0.00177933 0.00139704 0.00544807 0.00207702 0.01316654 0.00237269
 0.01150962 0.0016924  0.00217803 0.00136792 0.00358176 0.03668732
 0.00363312 0.00150024 0.00778692 0.00748004 0.00226845 0.00143396
 0.03250872 0.00157897 0.00181591 0.00291498 0.00201522 0.00268501
 0.00227862 0.00178041 0.00217313 0.00178405 0.00732328 0.01604945
 0.02892176 0.00179438 0.15722395 0.00975934 0.00224721 0.00196395
 0.01594818 0.00148794 0.00757117 0.00260556 0.00663078 0.00454668
 0.00409316 0.01558686 0.00158232 0.00244932 0.00116137 0.00178884
 0.00122718 0.002217   0.03710244 0.00810876 0.00257562 0.0018756
 0.00037433 0.00254736 0.03201261 0.00258741 0.0016658  0.0031471
 0.00151949 0.00234253 0.00137315 0.00115686 0.00687993 0.0017754
 0.0036942  0.00276876 0.00374364 0.02197606 0.03243554 0.00152349
 0.00171356 0.01478977 0.00196104 0.00479514 0.00134254 0.06197951
 0.00124465 0.00137444 0.00135929 0.00145433 0.16551499 0.00484846
 0.00667121 0.00218137 0.00852554 0.08976636 0.00285406 0.00136249]

Data shape
	X_train:   (300000, 90)
	y_train:   (300000,)
	X_test:   (150000, 90)
	y_test:   (150000,)

Results on train set
	brier_loss_train:   0.06591174444621212
	loss_train:   0.271542700595477
	accuracy_train:   0.9698
	roc_auc_train:   0.9925912273775608
	recall_train:   0.9368888888888889

Results on test set
	brier_loss_test:   0.11948872198962701
	loss_test:   0.4061318099690346
	accuracy_test:   0.87534
	roc_auc_test:   0.6603071856790123
	recall_test:   0.1762

