EXPERIMENT 172: RANDOM FOREST

Parameters
	n_estimators:   20
	max_depth:   8
	random_state:   42
	weighted:   False
	class_weight:   None

Model
Features importance: [2.77534980e-03 5.98519157e-04 1.25340941e-03 1.71991165e-03
 6.20698342e-03 5.58973798e-03 1.21326431e-03 7.38143685e-03
 1.38871160e-03 1.02358065e-03 9.87969432e-04 2.91446148e-03
 4.31097463e-03 2.35085298e-03 1.30167645e-03 9.53893396e-03
 1.43919804e-03 1.78700432e-03 4.25512115e-02 1.07072601e-03
 1.22084854e-03 1.89244344e-03 7.38415832e-04 1.22641284e-03
 3.26103841e-03 1.84859894e-03 4.97499011e-03 2.00477072e-03
 2.48536906e-02 1.76437711e-02 7.98295509e-03 1.42726217e-03
 1.64795884e-01 1.25641661e-02 2.72773416e-03 3.48310580e-03
 1.29028202e-02 2.70862162e-03 4.99017670e-03 6.40168477e-03
 4.94567697e-03 5.60872440e-03 4.56961072e-03 1.67526393e-02
 3.12452278e-03 7.65326913e-03 3.70837180e-03 4.55051465e-03
 2.71849815e-03 1.68065108e-03 1.46104324e-02 1.21198655e-02
 2.10851826e-02 4.58002691e-03 1.57577210e-04 2.21529980e-03
 1.88287565e-02 2.04746145e-03 9.79458673e-04 1.55100563e-03
 3.79625131e-03 5.02375159e-03 8.71655197e-03 1.44378231e-03
 3.80665233e-03 4.28814957e-04 1.62315709e-03 2.31464220e-03
 2.90150899e-03 7.36016449e-02 2.64976077e-03 1.35498314e-03
 1.50962440e-03 2.84229528e-03 5.46687559e-03 9.29564948e-03
 1.99524907e-03 7.50355768e-02 4.00352107e-03 3.06388864e-03
 2.14672144e-03 2.57605022e-03 9.75453822e-02 4.01190487e-03
 6.93804454e-02 2.01840791e-03 3.22568811e-03 6.96110663e-02
 2.47485810e-02 3.32072003e-03]

Data shape
	X_train:   (300000, 90)
	y_train:   (300000,)
	X_test:   (150000, 90)
	y_test:   (150000,)

Results on train set
	brier_loss_train:   0.0368705733090187
	loss_train:   0.14441890655780557
	accuracy_train:   0.9475266666666666
	roc_auc_train:   0.9785271179539381
	recall_train:   0.45775862068965517

Results on test set
	brier_loss_test:   0.0664691415501854
	loss_test:   0.2407381337352145
	accuracy_test:   0.91788
	roc_auc_test:   0.7932545356541268
	recall_test:   0.06353846153846154

