EXPERIMENT 122: RANDOM FOREST

Parameters
	n_estimators:   20
	max_depth:   8
	random_state:   42
	weighted:   False
	class_weight:   balanced

Model
Features importance: [1.43984486e-03 6.91155492e-04 3.78056593e-03 2.12157462e-03
 1.35868122e-02 1.58007947e-03 1.39337613e-02 1.09524637e-03
 2.35227965e-03 5.83551715e-04 3.30998062e-03 3.56168165e-02
 3.77241321e-03 2.90413953e-03 5.97035551e-03 4.74960309e-03
 1.41386681e-03 2.16154806e-04 4.13963275e-02 5.95131704e-04
 1.09841222e-03 5.04989739e-03 8.81024598e-04 1.45871728e-03
 2.05558116e-03 1.62854595e-03 1.89549437e-03 1.09995283e-03
 8.51290357e-03 1.12275975e-02 2.59288197e-02 6.17727163e-04
 1.31078684e-01 5.54670681e-03 1.26019171e-03 1.13800694e-03
 1.70912692e-02 1.97696218e-03 6.18735175e-03 2.39078437e-03
 8.76964054e-03 2.70264524e-03 2.69082981e-03 1.06996484e-02
 1.30174813e-03 2.27305349e-03 2.50706016e-03 1.86078562e-03
 5.84274075e-04 1.25588869e-03 3.36945800e-02 4.54511047e-03
 2.15779828e-03 3.93845908e-04 1.67955953e-04 3.33956135e-03
 2.69358071e-02 2.70502091e-03 1.27780944e-03 2.90709334e-03
 1.74230075e-03 1.82490453e-03 1.27984052e-03 7.85673693e-04
 7.36155725e-03 1.95269942e-03 4.60023371e-03 1.21263494e-03
 3.14909411e-03 2.32577453e-02 2.45226668e-02 1.92960655e-04
 5.44703303e-04 1.37498140e-02 2.54295869e-03 4.02685659e-03
 5.63813563e-04 7.00621234e-02 6.64597612e-04 7.06509752e-04
 7.24075605e-04 1.00433627e-03 2.23924419e-01 3.82298282e-03
 2.00799031e-03 1.45711745e-03 3.23328137e-03 1.14579540e-01
 1.13860660e-03 1.35951353e-03]

Data shape
	X_train:   (300000, 90)
	y_train:   (300000,)
	X_test:   (150000, 90)
	y_test:   (150000,)

Results on train set
	brier_loss_train:   0.09168699843059379
	loss_train:   0.3402145057888342
	accuracy_train:   0.94409
	roc_auc_train:   0.983535932709266
	recall_train:   0.9167037037037037

Results on test set
	brier_loss_test:   0.12588386133444518
	loss_test:   0.4196016803579315
	accuracy_test:   0.8683266666666667
	roc_auc_test:   0.7141487518518519
	recall_test:   0.2628

