EXPERIMENT 20: RANDOM FOREST

Parameters
	n_estimators:   100
	max_depth:   5
	random_state:   42
	weighted:   False
	class_weight:   balanced

Model
Features importance: [1.24203461e-03 4.65029736e-05 2.05660820e-03 5.16414835e-04
 1.42939938e-02 1.87886198e-03 1.34356019e-02 1.01028401e-03
 5.49998209e-04 1.49897043e-04 1.64462037e-03 4.22939821e-02
 4.44192260e-03 1.24650661e-03 2.26023870e-03 4.97208798e-03
 5.67439099e-04 4.97128048e-04 4.90291057e-02 2.35924189e-04
 6.86391779e-04 1.60091674e-03 1.17522835e-03 3.28052601e-04
 1.15767248e-03 2.22378521e-03 1.57107044e-03 1.68456434e-04
 8.62057327e-03 1.41399865e-02 3.62417123e-02 4.58518078e-04
 1.61792226e-01 6.62700907e-03 3.16971627e-04 2.34492366e-04
 1.95105215e-02 8.12170175e-04 4.99215090e-03 3.78779422e-03
 6.95234643e-03 1.95313758e-03 1.86048762e-03 1.48843716e-02
 3.70757459e-04 1.41630552e-03 6.70021563e-04 1.25579082e-03
 8.11569728e-05 8.31916442e-04 2.47301986e-02 5.84584258e-03
 7.80644756e-04 8.68227473e-04 9.71158184e-05 2.41143707e-03
 2.90615911e-02 9.94707172e-04 1.79942884e-04 1.19880875e-03
 1.70695731e-03 5.94916889e-04 1.75358610e-03 6.23332055e-04
 6.80878024e-03 1.85456095e-03 1.34535824e-03 1.03178493e-03
 1.12670351e-03 1.42665264e-02 3.39685114e-02 4.66938649e-04
 1.98013946e-04 1.96115695e-02 9.40923975e-04 4.19428058e-03
 5.59851082e-04 7.48348857e-02 5.41514882e-04 3.10009985e-04
 4.88952503e-04 2.23504595e-04 2.00517112e-01 2.10340513e-03
 1.68685711e-03 3.54347494e-04 6.74643807e-03 1.14177214e-01
 1.31369515e-03 3.89807554e-04]

Data shape
	X_train:   (300000, 90)
	y_train:   (300000,)
	X_test:   (150000, 90)
	y_test:   (150000,)

Results on train set
	brier_loss_train:   0.14102493964704052
	loss_train:   0.46421905655955575
	accuracy_train:   0.92615
	roc_auc_train:   0.9671653968253968
	recall_train:   0.8525185185185186

Results on test set
	brier_loss_test:   0.1646756495093086
	loss_test:   0.5145604594692537
	accuracy_test:   0.8576066666666666
	roc_auc_test:   0.7007884360493827
	recall_test:   0.3350666666666667

