EXPERIMENT 211: RANDOM FOREST

Parameters
	n_estimators:   40
	max_depth:   8
	random_state:   42
	weighted:   True
	class_weight:   None

Model
Features importance: [0.00168854 0.0010362  0.00189764 0.00106409 0.00363601 0.00530951
 0.00232677 0.01384185 0.00150082 0.00218877 0.00383189 0.00879353
 0.00116862 0.00206216 0.0022401  0.00176737 0.00173039 0.00168657
 0.02772448 0.00125856 0.00136193 0.00161872 0.00064823 0.00183283
 0.00315218 0.00151797 0.00159771 0.00211967 0.01419546 0.01357559
 0.01553609 0.00164165 0.15313474 0.01737776 0.00353371 0.00395907
 0.00275194 0.00297916 0.00256078 0.00502269 0.00604164 0.00670186
 0.00703    0.02634913 0.00830317 0.0019925  0.00298422 0.00279069
 0.0012959  0.00083197 0.02168703 0.00689838 0.02433981 0.00237997
 0.00031417 0.00308708 0.0147153  0.00327037 0.00176478 0.00871143
 0.00731867 0.00441732 0.00912576 0.00116513 0.00593393 0.00137334
 0.00448425 0.00257707 0.00203248 0.08107297 0.00222583 0.00219552
 0.0026723  0.00581604 0.00193438 0.00893208 0.00261068 0.10464411
 0.00653284 0.00442835 0.00344793 0.00318597 0.13231883 0.00397622
 0.05747687 0.00139944 0.00296752 0.0266439  0.01676814 0.00196096]

Data shape
	X_train:   (300000, 90)
	y_train:   (300000,)
	X_test:   (150000, 90)
	y_test:   (150000,)

Results on train set
	brier_loss_train:   0.037905766935275524
	loss_train:   0.15081091963361842
	accuracy_train:   0.9464366666666667
	roc_auc_train:   0.9663280512079833
	recall_train:   0.4263571428571429

Results on test set
	brier_loss_test:   0.06891584458815432
	loss_test:   0.2471943929524583
	accuracy_test:   0.9078466666666667
	roc_auc_test:   0.8127969017857143
	recall_test:   0.012714285714285714

