EXPERIMENT 24: RANDOM FOREST

Parameters
	n_estimators:   60
	max_depth:   8
	random_state:   42
	weighted:   False
	class_weight:   balanced

Model
Features importance: [0.00184995 0.0003732  0.00297661 0.00196168 0.0102885  0.00246313
 0.01480754 0.0019486  0.00210239 0.00057657 0.00258513 0.03623517
 0.00424319 0.00263886 0.00756659 0.00634926 0.00166638 0.00066047
 0.0405014  0.0008491  0.00144848 0.00303819 0.00164449 0.00113722
 0.0015446  0.00282533 0.00274343 0.00122335 0.00655323 0.01407011
 0.02945917 0.00100657 0.13380062 0.00751362 0.00121062 0.00142176
 0.01669796 0.00186577 0.00470074 0.00517575 0.00840315 0.00235944
 0.00259012 0.01276574 0.00118645 0.00294678 0.00234205 0.00234599
 0.00069157 0.00083404 0.02649712 0.00726459 0.00161526 0.00097064
 0.00029663 0.00341844 0.02752328 0.00223885 0.00115496 0.0026003
 0.00200273 0.0020064  0.00149029 0.00092424 0.00811167 0.00222371
 0.00308871 0.00096216 0.00219846 0.021479   0.03568459 0.00092194
 0.00059307 0.01859579 0.0019428  0.00530972 0.00088004 0.0767999
 0.00074576 0.00097317 0.00082054 0.00092117 0.17888613 0.00591134
 0.00239199 0.00138854 0.00486083 0.12347897 0.00123779 0.0013984 ]

Data shape
	X_train:   (300000, 90)
	y_train:   (300000,)
	X_test:   (150000, 90)
	y_test:   (150000,)

Results on train set
	brier_loss_train:   0.0948300806687708
	loss_train:   0.3485686269783017
	accuracy_train:   0.9488233333333334
	roc_auc_train:   0.9872973517840183
	recall_train:   0.9301481481481482

Results on test set
	brier_loss_test:   0.13316404035267498
	loss_test:   0.43786023078710284
	accuracy_test:   0.86014
	roc_auc_test:   0.692522325925926
	recall_test:   0.2452

