EXPERIMENT 21: RANDOM FOREST

Parameters
	n_estimators:   60
	max_depth:   10
	random_state:   42
	weighted:   True
	class_weight:   balanced

Model
Features importance: [0.00268014 0.00093043 0.00434676 0.00199859 0.00950391 0.00280183
 0.0122289  0.00220317 0.00196705 0.00127647 0.00385307 0.03481552
 0.00449363 0.00294509 0.00653906 0.00743796 0.00195037 0.0011137
 0.03657133 0.00180312 0.00178007 0.0030636  0.0015625  0.00240722
 0.00192209 0.00346768 0.00342624 0.00190201 0.00731834 0.01446645
 0.0282276  0.00177857 0.13356561 0.00730634 0.0018552  0.00182026
 0.01523425 0.00248867 0.00560919 0.00310149 0.0088255  0.00399574
 0.00366137 0.01443021 0.00175698 0.00313432 0.00170515 0.00213632
 0.00114518 0.00185108 0.03399328 0.00845938 0.00245229 0.00156462
 0.00031337 0.00323825 0.0299965  0.00247976 0.0016509  0.00271154
 0.00176448 0.00256624 0.00191955 0.00114413 0.00839561 0.00217243
 0.00358355 0.00204996 0.00314482 0.02294622 0.03496392 0.00171606
 0.00146017 0.01770532 0.00211186 0.00546151 0.00133378 0.07231577
 0.00118067 0.0012759  0.00163344 0.00175116 0.1663485  0.00600852
 0.0043202  0.00192008 0.00639988 0.10456198 0.00320643 0.00137265]

Data shape
	X_train:   (300000, 90)
	y_train:   (300000,)
	X_test:   (150000, 90)
	y_test:   (150000,)

Results on train set
	brier_loss_train:   0.06585404251441056
	loss_train:   0.2711434780380688
	accuracy_train:   0.9721833333333333
	roc_auc_train:   0.9947473574820241
	recall_train:   0.9497407407407408

Results on test set
	brier_loss_test:   0.11838519290947358
	loss_test:   0.4003534161061457
	accuracy_test:   0.8728266666666666
	roc_auc_test:   0.6593154367901234
	recall_test:   0.14673333333333333

