EXPERIMENT 206: RANDOM FOREST

Parameters
	n_estimators:   60
	max_depth:   5
	random_state:   42
	weighted:   False
	class_weight:   None

Model
Features importance: [0.00065482 0.00068849 0.00073666 0.00037606 0.00366423 0.00666985
 0.00353207 0.01451137 0.00074886 0.0003364  0.00570966 0.00868174
 0.0009116  0.00124758 0.0057665  0.00119873 0.00091934 0.00132953
 0.02510859 0.0004557  0.00038412 0.00083196 0.00070272 0.00041029
 0.00176359 0.00108303 0.00066496 0.00115823 0.01741938 0.0120614
 0.00817897 0.0012537  0.15223    0.02037943 0.00197041 0.00262606
 0.00224314 0.00106547 0.00145973 0.00265849 0.00517117 0.00558199
 0.00249195 0.03893553 0.00511617 0.00314404 0.00168734 0.00148591
 0.00150398 0.00102786 0.02944315 0.00493354 0.02306757 0.00185827
 0.         0.0021173  0.02100021 0.00525596 0.00228308 0.00638621
 0.00610871 0.00424986 0.00927528 0.00074878 0.0019079  0.0013486
 0.00345535 0.00164246 0.00201119 0.09110806 0.00047522 0.00244885
 0.00180895 0.0028846  0.00159698 0.00931437 0.00380589 0.09931251
 0.00565553 0.00583246 0.00202387 0.00085115 0.15703394 0.00126346
 0.06370893 0.00090365 0.00158097 0.0202755  0.01812112 0.00296181]

Data shape
	X_train:   (300000, 90)
	y_train:   (300000,)
	X_test:   (150000, 90)
	y_test:   (150000,)

Results on train set
	brier_loss_train:   0.05513703321556437
	loss_train:   0.20162665421134215
	accuracy_train:   0.9161166666666667
	roc_auc_train:   0.9370588281906513
	recall_train:   0.10160714285714285

Results on test set
	brier_loss_test:   0.07336933040060838
	loss_test:   0.26136195338411816
	accuracy_test:   0.9066666666666666
	roc_auc_test:   0.8029555590861345
	recall_test:   0.0

