EXPERIMENT 215: RANDOM FOREST

Parameters
	n_estimators:   40
	max_depth:   5
	random_state:   42
	weighted:   True
	class_weight:   None

Model
Features importance: [6.91485169e-04 9.01800017e-04 1.00396218e-03 4.46296115e-04
 3.55222424e-03 6.60619728e-03 2.28183660e-03 1.68838523e-02
 8.29161838e-04 5.04606994e-04 5.51094366e-03 7.33057299e-03
 1.09672860e-03 1.41446843e-03 6.05745043e-03 1.22065150e-03
 5.80747156e-04 2.21817262e-04 2.57161892e-02 3.93329349e-04
 4.70012820e-04 1.15653839e-03 4.63835149e-04 4.90243581e-04
 6.23066762e-04 8.22830984e-04 1.19525232e-04 1.25300721e-03
 1.50561589e-02 8.78672661e-03 9.40223048e-03 1.20312888e-03
 1.79197888e-01 1.95766419e-02 2.65442158e-03 2.00134767e-03
 1.00696340e-03 1.19002564e-03 1.01672747e-03 3.16347222e-03
 2.78785970e-03 4.79765493e-03 1.34960272e-03 2.88726802e-02
 6.86458960e-03 2.26922459e-03 2.08862258e-03 7.51048647e-04
 1.83166200e-03 5.64305449e-04 3.19486085e-02 5.17738031e-03
 2.62065269e-02 1.45916252e-03 0.00000000e+00 2.33236028e-03
 2.17290984e-02 5.36817600e-03 2.36801542e-03 6.78210097e-03
 7.11078774e-03 4.43990518e-03 1.09411453e-02 4.09328916e-04
 2.02724387e-03 1.27308254e-03 3.56568941e-03 1.48771834e-03
 1.77351775e-03 9.93117302e-02 3.34659173e-04 3.33859800e-03
 2.30988552e-03 1.05524573e-03 1.26237780e-03 7.44067273e-03
 2.52179680e-03 8.04178592e-02 5.61108756e-03 4.49109905e-03
 2.32547937e-03 9.29576871e-04 1.61453942e-01 6.71078469e-04
 5.69943993e-02 8.34879904e-04 1.84423661e-03 2.21745921e-02
 2.13144294e-02 1.88616070e-03]

Data shape
	X_train:   (300000, 90)
	y_train:   (300000,)
	X_test:   (150000, 90)
	y_test:   (150000,)

Results on train set
	brier_loss_train:   0.055428104166452614
	loss_train:   0.20248302360352202
	accuracy_train:   0.9159866666666666
	roc_auc_train:   0.9344370153623949
	recall_train:   0.10014285714285714

Results on test set
	brier_loss_test:   0.0724228103242455
	loss_test:   0.2584641266743369
	accuracy_test:   0.9066666666666666
	roc_auc_test:   0.8097125572478991
	recall_test:   0.0

