EXPERIMENT 201: RANDOM FOREST

Parameters
	n_estimators:   60
	max_depth:   8
	random_state:   42
	weighted:   True
	class_weight:   None

Model
Features importance: [0.00207367 0.00124663 0.00206587 0.00113925 0.00364276 0.00536937
 0.00370705 0.01344029 0.00143219 0.00180536 0.00468546 0.00919232
 0.00105777 0.00191977 0.00356765 0.00172701 0.00205059 0.00321838
 0.0296605  0.00122905 0.00146748 0.00163827 0.00099468 0.00186228
 0.00273204 0.00165897 0.00166768 0.00204711 0.01413993 0.01434771
 0.01450868 0.00126335 0.14352786 0.01808013 0.00365388 0.00440461
 0.00329977 0.00340815 0.00302283 0.00390216 0.00590118 0.00732297
 0.00769141 0.03008496 0.00809049 0.00277567 0.00302872 0.00285489
 0.00150657 0.00112035 0.02069552 0.0072995  0.02820228 0.00232862
 0.00032272 0.00257662 0.01364892 0.00385656 0.00209728 0.00888997
 0.00662858 0.00484871 0.00788842 0.00139245 0.00539088 0.00174652
 0.00447848 0.00264911 0.00411242 0.08076474 0.00253615 0.00235065
 0.00292841 0.00472328 0.00171541 0.00952305 0.00317475 0.10238062
 0.00544176 0.00407547 0.00303962 0.0027469  0.12839108 0.00446797
 0.05614517 0.00195847 0.00282553 0.02897608 0.0144185  0.00212706]

Data shape
	X_train:   (300000, 90)
	y_train:   (300000,)
	X_test:   (150000, 90)
	y_test:   (150000,)

Results on train set
	brier_loss_train:   0.037874083644138364
	loss_train:   0.15057633814914775
	accuracy_train:   0.94577
	roc_auc_train:   0.9694368488707983
	recall_train:   0.4190714285714286

Results on test set
	brier_loss_test:   0.06945454602156076
	loss_test:   0.2482252970448778
	accuracy_test:   0.9069866666666667
	roc_auc_test:   0.8142390404411765
	recall_test:   0.0035

