EXPERIMENT 221: RANDOM FOREST

Parameters
	n_estimators:   20
	max_depth:   8
	random_state:   42
	weighted:   True
	class_weight:   None

Model
Features importance: [1.60259254e-03 3.41156277e-04 2.79216317e-03 6.46362910e-04
 2.86663307e-03 4.89859741e-03 3.34237912e-03 1.10585612e-02
 1.13819478e-03 2.38435988e-03 4.49471451e-03 8.89264451e-03
 1.10909092e-03 1.95175984e-03 1.91444984e-03 9.27052522e-04
 2.11008094e-03 1.82260087e-03 3.01866956e-02 1.25557912e-03
 1.31832985e-03 1.72392127e-03 3.49093956e-04 2.45720178e-03
 4.01970291e-03 1.20512339e-03 1.42016729e-03 2.33162038e-03
 1.53379909e-02 1.69596192e-02 1.64380878e-02 1.33542836e-03
 1.61654108e-01 1.13941878e-02 3.44717689e-03 2.86307563e-03
 2.54098911e-03 2.60699909e-03 2.70751648e-03 6.14509602e-03
 7.83732139e-03 5.13582199e-03 8.66581020e-03 3.12917477e-02
 5.60368823e-03 2.43445919e-03 1.55562059e-03 2.79253037e-03
 5.73062423e-04 8.52500729e-04 2.54616958e-02 6.17944716e-03
 2.25851351e-02 1.51428980e-03 1.42141438e-04 2.38021616e-03
 1.38789844e-02 3.78525934e-03 1.64005866e-03 4.63768853e-03
 6.22129430e-03 6.57668010e-03 8.95428509e-03 1.10727678e-03
 7.33221718e-03 1.10009859e-03 2.18887539e-03 2.78128236e-03
 2.76323870e-03 8.57653632e-02 1.43274148e-03 1.19192958e-03
 2.48352947e-03 6.04010822e-03 1.28910293e-03 6.50228520e-03
 2.50125536e-03 1.08582800e-01 5.61812522e-03 3.83610073e-03
 2.51983086e-03 2.84952804e-03 1.23486641e-01 4.92173268e-03
 6.79525100e-02 9.86883938e-04 3.01905184e-03 1.96482024e-02
 1.47751514e-02 2.63329401e-03]

Data shape
	X_train:   (300000, 90)
	y_train:   (300000,)
	X_test:   (150000, 90)
	y_test:   (150000,)

Results on train set
	brier_loss_train:   0.038026260101234756
	loss_train:   0.15134012287751708
	accuracy_train:   0.9468233333333334
	roc_auc_train:   0.9637067797400211
	recall_train:   0.43078571428571427

Results on test set
	brier_loss_test:   0.0685634512361425
	loss_test:   0.24788658357036417
	accuracy_test:   0.9100266666666667
	roc_auc_test:   0.7955103960084035
	recall_test:   0.037

