EXPERIMENT 204: RANDOM FOREST

Parameters
	n_estimators:   60
	max_depth:   6
	random_state:   42
	weighted:   False
	class_weight:   None

Model
Features importance: [0.00167122 0.00101916 0.00118973 0.00076235 0.00460083 0.00457471
 0.0023788  0.01392677 0.00064776 0.00080322 0.00313989 0.00718577
 0.00072588 0.0018775  0.0015657  0.00086539 0.00203471 0.00196021
 0.02171336 0.00115682 0.0006493  0.00103007 0.00093652 0.00191757
 0.00304915 0.00150815 0.00121127 0.00096641 0.01688059 0.01422463
 0.01208594 0.0010797  0.15737251 0.02138879 0.00100597 0.00319068
 0.00181511 0.00179806 0.00168221 0.00712457 0.00591977 0.00622571
 0.00320314 0.03037616 0.00605206 0.00347671 0.00352818 0.00365162
 0.00125741 0.00077673 0.02107792 0.00558068 0.02805478 0.00305956
 0.0002309  0.00267228 0.02062697 0.00353232 0.0020243  0.00742683
 0.00364945 0.00560744 0.00793133 0.00090121 0.00375817 0.00122617
 0.00360115 0.00208138 0.00184941 0.0865799  0.0019269  0.00297341
 0.00135145 0.00429674 0.00160847 0.01221695 0.00373949 0.11523647
 0.00403801 0.00291391 0.00302353 0.00217159 0.1190604  0.0034867
 0.06502407 0.00136857 0.00230834 0.02878306 0.02158429 0.00223104]

Data shape
	X_train:   (300000, 90)
	y_train:   (300000,)
	X_test:   (150000, 90)
	y_test:   (150000,)

Results on train set
	brier_loss_train:   0.04928710472236815
	loss_train:   0.18502219792683539
	accuracy_train:   0.9271133333333333
	roc_auc_train:   0.9479475566570379
	recall_train:   0.21932142857142858

Results on test set
	brier_loss_test:   0.07241782365717869
	loss_test:   0.257861935598325
	accuracy_test:   0.9066666666666666
	roc_auc_test:   0.7994701478466387
	recall_test:   0.0

