EXPERIMENT 210: RANDOM FOREST

Parameters
	n_estimators:   40
	max_depth:   10
	random_state:   42
	weighted:   False
	class_weight:   None

Model
Features importance: [0.00297406 0.00179234 0.00230278 0.00196999 0.00310841 0.00556546
 0.0027032  0.01541627 0.00225789 0.00197009 0.00475156 0.00808359
 0.00228376 0.00226305 0.00345103 0.00311574 0.00210468 0.00263953
 0.02294022 0.0018227  0.00200973 0.00222021 0.00123315 0.0022203
 0.002741   0.00207436 0.00221313 0.00302601 0.01415464 0.01321013
 0.01383726 0.00240172 0.14265519 0.01633891 0.00451308 0.00441649
 0.00276433 0.00247852 0.00351775 0.00672739 0.0073911  0.00678742
 0.00444135 0.0192053  0.00608909 0.00303962 0.00309049 0.00220344
 0.00209274 0.00190575 0.02378396 0.00879292 0.02709268 0.00342201
 0.00030605 0.00419628 0.02188436 0.0038221  0.00214744 0.00739683
 0.00651527 0.00431172 0.00779574 0.00187767 0.00566499 0.00282506
 0.00458152 0.00365818 0.00438251 0.08498488 0.00307423 0.00263517
 0.0023515  0.00831671 0.00233431 0.00964763 0.0044995  0.09283459
 0.00501061 0.00416562 0.00327604 0.00298015 0.12510998 0.00518342
 0.04619481 0.00216538 0.00236777 0.03157393 0.01775815 0.00456239]

Data shape
	X_train:   (300000, 90)
	y_train:   (300000,)
	X_test:   (150000, 90)
	y_test:   (150000,)

Results on train set
	brier_loss_train:   0.02910805815761716
	loss_train:   0.12130927105186719
	accuracy_train:   0.9635233333333333
	roc_auc_train:   0.9838936607142857
	recall_train:   0.6093928571428572

Results on test set
	brier_loss_test:   0.0673508138741554
	loss_test:   0.24018360828870844
	accuracy_test:   0.90888
	roc_auc_test:   0.8254499797794118
	recall_test:   0.02407142857142857

