EXPERIMENT 226: RANDOM FOREST

Parameters
	n_estimators:   20
	max_depth:   5
	random_state:   42
	weighted:   False
	class_weight:   None

Model
Features importance: [1.38297034e-03 1.32442677e-04 1.97090904e-03 3.52663036e-05
 3.80472001e-03 8.37743316e-03 3.44813513e-03 1.00328045e-02
 4.32406595e-04 1.14686027e-05 2.35761653e-03 9.22317289e-03
 1.26162810e-03 1.00185951e-03 4.77894294e-03 5.07878044e-04
 9.20539629e-04 8.59026348e-05 2.52913758e-02 6.34611273e-04
 7.89091274e-04 5.09038107e-04 0.00000000e+00 8.77677412e-04
 2.69096612e-04 0.00000000e+00 0.00000000e+00 2.20767788e-03
 2.01289416e-02 8.20044299e-03 4.64161682e-03 1.06096651e-04
 1.91732111e-01 1.04042261e-02 2.62312467e-03 2.50646546e-03
 1.54223630e-04 9.92875633e-04 1.37709879e-03 2.60884027e-03
 2.88250127e-03 6.46947010e-03 1.62148693e-03 3.17587777e-02
 5.02666644e-03 1.44076147e-03 1.53168680e-03 1.20051542e-03
 8.34518026e-04 1.72951717e-04 3.95740857e-02 7.24663598e-03
 2.21678478e-02 0.00000000e+00 0.00000000e+00 1.95417670e-03
 2.61236404e-02 5.13019731e-03 5.39089841e-04 2.56845540e-03
 5.24035540e-03 4.28482517e-03 1.01059111e-02 5.77086307e-04
 3.08506806e-03 1.33606840e-03 2.43259518e-03 2.33362831e-03
 2.06360995e-03 1.09403037e-01 4.32470396e-04 2.07207301e-03
 3.63350025e-03 1.51110826e-03 8.11875348e-04 4.80267098e-03
 2.75400988e-03 7.19981027e-02 5.59709974e-03 5.82625739e-03
 1.56886076e-03 1.24073928e-03 1.50987202e-01 2.96503921e-04
 7.85411173e-02 8.75319226e-04 2.22408269e-04 1.59984400e-02
 2.52392465e-02 6.64617427e-04]

Data shape
	X_train:   (300000, 90)
	y_train:   (300000,)
	X_test:   (150000, 90)
	y_test:   (150000,)

Results on train set
	brier_loss_train:   0.0548806091505514
	loss_train:   0.20134448355812898
	accuracy_train:   0.9192133333333333
	roc_auc_train:   0.9302219116990547
	recall_train:   0.13475

Results on test set
	brier_loss_test:   0.07190621083795783
	loss_test:   0.25629464458795476
	accuracy_test:   0.9066866666666666
	roc_auc_test:   0.8119457746848738
	recall_test:   0.00021428571428571427

