EXPERIMENT 213: RANDOM FOREST

Parameters
	n_estimators:   40
	max_depth:   6
	random_state:   42
	weighted:   True
	class_weight:   None

Model
Features importance: [0.00175389 0.00150647 0.00133846 0.00052833 0.00435184 0.00543518
 0.00074771 0.01532904 0.00089914 0.00093702 0.00267349 0.00892552
 0.00077758 0.00207698 0.00138108 0.00102017 0.00163046 0.00087671
 0.01788263 0.00107997 0.00040485 0.00125423 0.00052406 0.00236301
 0.00369379 0.00192228 0.00126584 0.00091882 0.01756466 0.01146804
 0.01505358 0.00132655 0.17293702 0.02060729 0.00124547 0.00386608
 0.00125049 0.00234076 0.00187049 0.00683729 0.0055144  0.00737929
 0.0024376  0.02222505 0.00682176 0.00214901 0.00404795 0.00309223
 0.00165071 0.00051162 0.02015731 0.00344891 0.03012634 0.00317986
 0.00020445 0.00305791 0.02417361 0.00349816 0.00198943 0.0081664
 0.00436526 0.0055404  0.00921802 0.00086134 0.00272958 0.00110248
 0.00299635 0.00117098 0.0005658  0.07961666 0.00263979 0.00407712
 0.00091672 0.00421006 0.00203991 0.00653697 0.00321145 0.09977535
 0.00422978 0.00316027 0.00310253 0.00169341 0.12919454 0.0043135
 0.06777529 0.00108457 0.00219298 0.0295873  0.02663812 0.00175525]

Data shape
	X_train:   (300000, 90)
	y_train:   (300000,)
	X_test:   (150000, 90)
	y_test:   (150000,)

Results on train set
	brier_loss_train:   0.049662682432654724
	loss_train:   0.18657591344578447
	accuracy_train:   0.9259633333333334
	roc_auc_train:   0.9396226135766808
	recall_train:   0.20692857142857143

Results on test set
	brier_loss_test:   0.07186371756411687
	loss_test:   0.2576615925542438
	accuracy_test:   0.9066733333333333
	roc_auc_test:   0.7892815543592437
	recall_test:   7.142857142857143e-05

