EXPERIMENT 220: RANDOM FOREST

Parameters
	n_estimators:   20
	max_depth:   10
	random_state:   42
	weighted:   False
	class_weight:   None

Model
Features importance: [0.00319289 0.00109574 0.00278732 0.00150727 0.00272467 0.00595954
 0.00296232 0.01555716 0.00247731 0.00127704 0.00538673 0.00764402
 0.00154262 0.00136898 0.00300008 0.00173548 0.00214907 0.00262226
 0.02712206 0.00243    0.00243367 0.00252284 0.00049364 0.00238349
 0.0024522  0.00124583 0.00210737 0.00319304 0.01479012 0.01458496
 0.01446569 0.00213793 0.13801206 0.0153237  0.00487056 0.00433867
 0.00287048 0.00222414 0.0022313  0.00476745 0.00854564 0.00695689
 0.0040461  0.02070395 0.00432336 0.00361197 0.00296912 0.00229276
 0.00170832 0.00175495 0.02214329 0.00902193 0.0299062  0.00250878
 0.00022379 0.00313043 0.02447385 0.00397094 0.00173267 0.00527911
 0.00606593 0.00502649 0.008942   0.00117848 0.00608318 0.00315306
 0.00330768 0.00351147 0.00445272 0.0861701  0.00221427 0.00127977
 0.00241945 0.00851745 0.00301879 0.00744806 0.00394278 0.08608209
 0.0044133  0.00471844 0.00343047 0.00285754 0.13532581 0.00613832
 0.04937979 0.0022475  0.0018735  0.03115637 0.01962362 0.00472581]

Data shape
	X_train:   (300000, 90)
	y_train:   (300000,)
	X_test:   (150000, 90)
	y_test:   (150000,)

Results on train set
	brier_loss_train:   0.029383837496709773
	loss_train:   0.12236829549096799
	accuracy_train:   0.96381
	roc_auc_train:   0.9789873685661763
	recall_train:   0.6129285714285714

Results on test set
	brier_loss_test:   0.06669664476102766
	loss_test:   0.23803027632387128
	accuracy_test:   0.91024
	roc_auc_test:   0.8269871893382353
	recall_test:   0.04007142857142857

