EXPERIMENT 223: RANDOM FOREST

Parameters
	n_estimators:   20
	max_depth:   6
	random_state:   42
	weighted:   True
	class_weight:   None

Model
Features importance: [2.01909768e-03 4.74978550e-04 2.32049370e-03 4.95311043e-04
 2.68204581e-03 7.84088227e-03 8.24802975e-04 1.33167010e-02
 5.04246016e-04 8.80996859e-04 4.16173105e-03 9.24593703e-03
 9.11156478e-04 1.80867071e-03 2.11030430e-03 1.59638101e-03
 2.51262174e-03 8.82408333e-04 2.12999483e-02 1.13436740e-03
 8.09690510e-04 1.42915519e-03 9.51401310e-04 2.92037105e-03
 3.41131618e-03 9.61205106e-04 8.28224623e-04 1.60386286e-03
 2.17877909e-02 9.90089819e-03 1.31290809e-02 1.03209361e-03
 1.82172873e-01 1.42466009e-02 1.41366787e-03 3.12117252e-03
 1.02850009e-03 8.55135771e-04 1.60329520e-03 4.59315751e-03
 5.14641355e-03 8.62520020e-03 2.27565082e-03 2.14216151e-02
 3.65248217e-03 2.65490743e-03 4.46195099e-03 2.83827333e-03
 1.43665751e-03 6.26596747e-04 2.63561211e-02 2.10267895e-03
 3.08614083e-02 7.05058781e-04 8.51501086e-06 1.41951677e-03
 2.86859479e-02 3.64228634e-03 1.93117240e-03 4.90774124e-03
 1.48902630e-03 6.41986672e-03 8.43541226e-03 2.27061923e-04
 3.21755280e-03 1.57032078e-03 2.11830930e-03 1.79360575e-03
 5.72364060e-04 8.50012154e-02 1.45251440e-03 2.57377323e-03
 8.16757234e-04 3.24521973e-03 4.21467520e-04 4.14630907e-03
 4.33206576e-03 8.94177100e-02 4.79059371e-03 3.22356805e-03
 2.32186756e-03 8.74009569e-04 1.27818232e-01 3.25561430e-03
 8.65002538e-02 7.89167169e-04 1.64169453e-03 2.27300469e-02
 2.85516608e-02 1.66996897e-03]

Data shape
	X_train:   (300000, 90)
	y_train:   (300000,)
	X_test:   (150000, 90)
	y_test:   (150000,)

Results on train set
	brier_loss_train:   0.04981734233683078
	loss_train:   0.18696692802212825
	accuracy_train:   0.9263366666666667
	roc_auc_train:   0.9361828753282563
	recall_train:   0.21110714285714285

Results on test set
	brier_loss_test:   0.07156172702143322
	loss_test:   0.2558256717374879
	accuracy_test:   0.90674
	roc_auc_test:   0.7921043503151262
	recall_test:   0.001

