EXPERIMENT 32: RANDOM FOREST

Parameters
	n_estimators:   80
	max_depth:   5
	random_state:   42
	weighted:   False
	class_weight:   None

Model
Features importance: [0.00075085 0.00040909 0.00092619 0.00106212 0.0059906  0.005123
 0.00160863 0.00565259 0.0004294  0.00065215 0.00300145 0.00340653
 0.00339396 0.00124001 0.0019012  0.00861044 0.00094858 0.00148834
 0.04144123 0.0005578  0.00054069 0.00073596 0.00036998 0.00052372
 0.00343313 0.00134479 0.00126276 0.00096593 0.04193305 0.0151306
 0.00320375 0.0016736  0.18659111 0.01909906 0.00338378 0.00349059
 0.01318657 0.00136928 0.00536089 0.00327959 0.00145106 0.00218728
 0.00210523 0.015966   0.00532399 0.00939278 0.00159114 0.00169235
 0.00057866 0.00094454 0.00890547 0.01082185 0.01687054 0.00214959
 0.         0.00232606 0.01851353 0.00184549 0.00045874 0.00067151
 0.00346376 0.00182181 0.01125234 0.00085376 0.00064932 0.00068757
 0.00076623 0.00213424 0.00228243 0.08693454 0.00449777 0.00049746
 0.00158807 0.00077703 0.00662263 0.00594363 0.00355062 0.0777993
 0.00544088 0.00396842 0.0010192  0.0009375  0.0952134  0.00303201
 0.07021647 0.00068491 0.00068451 0.07742912 0.02716794 0.00281432]

Data shape
	X_train:   (300000, 90)
	y_train:   (300000,)
	X_test:   (150000, 90)
	y_test:   (150000,)

Results on train set
	brier_loss_train:   0.05476556454283178
	loss_train:   0.19810886057010557
	accuracy_train:   0.9138833333333334
	roc_auc_train:   0.9644574341519276
	recall_train:   0.10913793103448276

Results on test set
	brier_loss_test:   0.0702332306191591
	loss_test:   0.2544630709899557
	accuracy_test:   0.9133333333333333
	roc_auc_test:   0.7736196737787758
	recall_test:   0.0

