EXPERIMENT 3: RANDOM FOREST

Parameters
	n_estimators:   100
	max_depth:   10
	random_state:   42
	weighted:   True
	class_weight:   None

Model
Features importance: [0.00254554 0.00127629 0.00274569 0.00256938 0.00630288 0.00476568
 0.00341561 0.00802557 0.00213722 0.00192769 0.00328725 0.00583913
 0.00587305 0.00292875 0.00288753 0.00898243 0.00238852 0.00278436
 0.0358405  0.00227868 0.00178774 0.00324107 0.00138373 0.00178731
 0.00393451 0.00313308 0.00416281 0.00226771 0.02832944 0.01573386
 0.01035285 0.00299544 0.13617326 0.01412201 0.00331448 0.00435373
 0.01482733 0.00309538 0.00713442 0.0072044  0.00508245 0.00518586
 0.00463369 0.01801411 0.00601546 0.01020694 0.00310622 0.00296506
 0.0019265  0.00240628 0.01088206 0.01321838 0.02033362 0.00350969
 0.00030491 0.00350436 0.01481379 0.00257226 0.00184726 0.00236075
 0.00425934 0.00481151 0.00794573 0.00205508 0.00293054 0.00141579
 0.00331509 0.0034886  0.00474871 0.06322941 0.00435003 0.00163548
 0.00233583 0.00626845 0.00529501 0.00796496 0.00393275 0.0876382
 0.00555952 0.00487403 0.003106   0.0025346  0.09250053 0.00385844
 0.05316425 0.00231514 0.00397255 0.07512071 0.02037371 0.00397404]

Data shape
	X_train:   (300000, 90)
	y_train:   (300000,)
	X_test:   (150000, 90)
	y_test:   (150000,)

Results on train set
	brier_loss_train:   0.026500585008532584
	loss_train:   0.11146150609084941
	accuracy_train:   0.96401
	roc_auc_train:   0.9920586864741061
	recall_train:   0.6276896551724138

Results on test set
	brier_loss_test:   0.0664607486177648
	loss_test:   0.239190619414244
	accuracy_test:   0.91598
	roc_auc_test:   0.8049104272880404
	recall_test:   0.03476923076923077

