EXPERIMENT 39: RANDOM FOREST

Parameters
	n_estimators:   40
	max_depth:   4
	random_state:   42
	weighted:   True
	class_weight:   balanced

Model
Features importance: [2.30241626e-05 5.39008342e-05 2.72632724e-03 7.29845740e-05
 2.41103209e-02 3.76934995e-04 2.12026064e-02 1.93599435e-03
 0.00000000e+00 6.84822980e-05 1.54615168e-03 4.00162605e-02
 5.29013173e-03 5.38932726e-04 5.68276619e-04 1.06549729e-02
 0.00000000e+00 0.00000000e+00 4.81721186e-02 1.27911608e-04
 5.34282752e-05 1.65794712e-03 8.79473049e-04 1.74078446e-04
 5.59678209e-04 1.26343266e-03 2.62178795e-04 5.10326409e-06
 8.67842476e-03 1.29045799e-02 3.40640479e-02 2.32097607e-04
 1.41737061e-01 6.93881032e-03 3.52068933e-04 2.88810016e-04
 2.37291598e-02 1.83475589e-04 6.80627489e-03 3.31882534e-03
 3.48197563e-03 1.90921300e-03 4.89870590e-04 9.52375481e-03
 1.93785292e-04 1.29293506e-03 1.38965515e-03 3.71523800e-04
 0.00000000e+00 4.90886661e-04 3.11222166e-02 5.28714475e-03
 5.88653393e-04 5.60694913e-04 1.05315747e-04 1.53025697e-04
 3.08771775e-02 7.74584467e-04 1.37928680e-04 1.47177955e-03
 4.80560918e-04 8.10910944e-05 5.32683295e-04 2.22559115e-05
 9.66263722e-03 1.82591986e-03 1.87973612e-03 1.69777211e-03
 6.75568034e-04 2.03155739e-02 6.63418814e-02 2.32443029e-04
 0.00000000e+00 1.17548798e-02 1.08050435e-03 1.40360934e-03
 2.86691357e-04 3.30257637e-02 1.33036708e-04 0.00000000e+00
 4.66341066e-04 3.69187860e-05 1.93522489e-01 4.60685789e-03
 1.33220316e-03 2.33451636e-04 7.18408443e-03 1.48061967e-01
 9.25366641e-04 4.01303439e-04]

Data shape
	X_train:   (300000, 90)
	y_train:   (300000,)
	X_test:   (150000, 90)
	y_test:   (150000,)

Results on train set
	brier_loss_train:   0.16498146088385224
	loss_train:   0.5150403442598878
	accuracy_train:   0.8865066666666667
	roc_auc_train:   0.951765021638855
	recall_train:   0.8621851851851852

Results on test set
	brier_loss_test:   0.1774093868177945
	loss_test:   0.542799205839556
	accuracy_test:   0.8430066666666667
	roc_auc_test:   0.7021729607407408
	recall_test:   0.3592666666666667

