EXPERIMENT 30: RANDOM FOREST

Parameters
	n_estimators:   60
	max_depth:   4
	random_state:   42
	weighted:   False
	class_weight:   balanced

Model
Features importance: [3.62242506e-04 3.59338894e-05 2.38402234e-03 6.96350379e-05
 1.84864421e-02 7.92348893e-04 1.48491409e-02 1.76741883e-03
 4.77517426e-04 4.56548653e-05 1.15005264e-03 4.17338604e-02
 5.26923226e-03 6.38162716e-04 2.89890579e-03 8.81591135e-03
 0.00000000e+00 4.31018651e-05 4.24005464e-02 8.52744052e-05
 4.10141025e-05 1.10529808e-03 5.86315366e-04 1.16052297e-04
 5.97798806e-04 2.89685458e-03 2.26257537e-03 1.83263206e-04
 1.05088358e-02 1.71726468e-02 3.29839076e-02 3.53805428e-04
 1.27020402e-01 8.12084441e-03 2.34712622e-04 1.92540011e-04
 2.28632370e-02 3.96930598e-04 5.06499678e-03 2.43326492e-03
 7.34925097e-03 2.10850761e-03 8.69888960e-04 1.78220570e-02
 1.29190195e-04 1.81893437e-03 1.17366912e-03 2.47682534e-04
 8.17484886e-05 1.15268818e-03 2.91654561e-02 5.72717368e-03
 5.47996988e-04 5.08850184e-04 2.61177996e-04 6.34238952e-04
 3.55810134e-02 5.26059639e-04 1.65682180e-04 1.36998755e-03
 1.12143640e-03 1.77931092e-04 9.61613587e-04 3.67592788e-04
 6.49314108e-03 1.21727991e-03 1.61005467e-03 1.54116587e-03
 1.14671079e-03 2.13383176e-02 5.72781989e-02 1.54962019e-04
 0.00000000e+00 8.93511379e-03 9.00646856e-04 3.74995020e-03
 3.91522002e-04 6.92856548e-02 8.86911387e-05 0.00000000e+00
 5.66568663e-04 2.46125240e-05 1.90312073e-01 4.69245174e-03
 1.68254525e-03 1.55634424e-04 6.26353911e-03 1.33061564e-01
 1.38512801e-03 4.13945585e-04]

Data shape
	X_train:   (300000, 90)
	y_train:   (300000,)
	X_test:   (150000, 90)
	y_test:   (150000,)

Results on train set
	brier_loss_train:   0.1646988479947761
	loss_train:   0.5157578373720216
	accuracy_train:   0.8999333333333334
	roc_auc_train:   0.9567802476597477
	recall_train:   0.8614814814814815

Results on test set
	brier_loss_test:   0.18009137950403714
	loss_test:   0.548750071159658
	accuracy_test:   0.8429
	roc_auc_test:   0.7104835686419753
	recall_test:   0.37726666666666664

