EXPERIMENT 31: RANDOM FOREST

Parameters
	n_estimators:   40
	max_depth:   10
	random_state:   42
	weighted:   True
	class_weight:   balanced

Model
Features importance: [0.00232376 0.0010774  0.00432523 0.00193967 0.01115111 0.00266834
 0.01329065 0.00210676 0.00198871 0.00132225 0.00364029 0.03690218
 0.00450158 0.0027214  0.00632045 0.00800182 0.00195763 0.00115056
 0.03356467 0.00169289 0.00173016 0.00319785 0.00173608 0.00252189
 0.00216843 0.00282721 0.00252258 0.0016877  0.0063446  0.01362635
 0.02827393 0.0017592  0.14048386 0.00914997 0.00203118 0.00182459
 0.01442084 0.00211184 0.00605147 0.00295139 0.00811601 0.00404105
 0.00425928 0.01325022 0.00157538 0.00301984 0.00187033 0.00214137
 0.00127538 0.00195384 0.03301338 0.00808338 0.00214454 0.00152091
 0.00028807 0.00290041 0.03039996 0.00257846 0.00176458 0.00265403
 0.00180583 0.00208782 0.00167963 0.00120753 0.00731062 0.00215499
 0.00391977 0.00218086 0.00295596 0.02270054 0.03293348 0.00151403
 0.0014996  0.01956889 0.00207223 0.00497783 0.00128877 0.06591209
 0.00128897 0.00128418 0.00158771 0.00181345 0.16972654 0.00671275
 0.0050538  0.00205214 0.00773647 0.10335857 0.00326473 0.00143131]

Data shape
	X_train:   (300000, 90)
	y_train:   (300000,)
	X_test:   (150000, 90)
	y_test:   (150000,)

Results on train set
	brier_loss_train:   0.06582999706928952
	loss_train:   0.27044706427843573
	accuracy_train:   0.97164
	roc_auc_train:   0.9939738328584994
	recall_train:   0.9472222222222222

Results on test set
	brier_loss_test:   0.1192368810838831
	loss_test:   0.4028214906256911
	accuracy_test:   0.8730733333333334
	roc_auc_test:   0.6607366125925926
	recall_test:   0.1548

