EXPERIMENT 34: RANDOM FOREST

Parameters
	n_estimators:   80
	max_depth:   4
	random_state:   42
	weighted:   False
	class_weight:   None

Model
Features importance: [1.31180187e-04 6.48472394e-06 1.13384821e-03 1.22213053e-03
 3.65420862e-03 4.98902851e-03 6.63248822e-04 9.46593837e-03
 2.39770851e-04 9.73956338e-05 1.37854678e-04 3.79561669e-03
 2.69462276e-03 1.16372701e-03 1.97190752e-03 7.00669757e-03
 2.06659210e-03 1.31462649e-03 4.90036202e-02 2.18132942e-04
 4.57691551e-04 5.83276678e-04 0.00000000e+00 2.78307432e-04
 6.40486140e-04 4.12469863e-04 1.59862098e-03 1.90549219e-04
 3.96458203e-02 2.29743121e-02 2.59530629e-03 3.80733162e-04
 1.83220340e-01 1.86126422e-02 1.65467559e-03 2.05249908e-03
 1.71051747e-02 3.15338602e-04 6.40314972e-03 6.03232721e-03
 4.82163129e-03 3.39310399e-03 2.06454711e-03 2.42562310e-02
 5.27412603e-03 5.95460754e-03 1.42725112e-03 2.45773975e-03
 6.20281825e-04 7.44954749e-04 1.39142656e-02 8.88240579e-03
 1.65417711e-02 1.69991287e-03 0.00000000e+00 2.49608980e-03
 1.64057801e-02 1.85904499e-03 5.21831731e-05 0.00000000e+00
 2.58044649e-03 3.27096781e-03 1.49008162e-02 6.35462559e-04
 2.98480308e-04 2.39164577e-04 8.80646732e-04 7.03459971e-04
 1.85401607e-03 7.13032176e-02 6.16004061e-03 3.39946210e-04
 1.64886835e-03 1.67625812e-03 7.30237375e-03 6.83356829e-03
 2.67586350e-03 6.53520874e-02 5.11136686e-03 1.20992764e-03
 3.08791643e-03 3.85343064e-04 1.04822928e-01 2.50158524e-03
 7.19747636e-02 1.33218599e-03 7.26280383e-04 8.25645585e-02
 2.64991737e-02 2.13200482e-03]

Data shape
	X_train:   (300000, 90)
	y_train:   (300000,)
	X_test:   (150000, 90)
	y_test:   (150000,)

Results on train set
	brier_loss_train:   0.062014413639974994
	loss_train:   0.2193501128187143
	accuracy_train:   0.9049966666666667
	roc_auc_train:   0.9594174225092251
	recall_train:   0.017206896551724138

Results on test set
	brier_loss_test:   0.07139140168396126
	loss_test:   0.258094220332071
	accuracy_test:   0.9133333333333333
	roc_auc_test:   0.7852017259966311
	recall_test:   0.0

