EXPERIMENT 33: RANDOM FOREST

Parameters
	n_estimators:   40
	max_depth:   8
	random_state:   42
	weighted:   True
	class_weight:   balanced

Model
Features importance: [0.00194606 0.00049433 0.003297   0.00202304 0.01352222 0.00214599
 0.01682601 0.00177565 0.00165504 0.00048932 0.00265527 0.03907888
 0.00442556 0.00284441 0.00648705 0.00634289 0.00136373 0.00047461
 0.03903527 0.00067511 0.00155553 0.00328137 0.00185636 0.00124378
 0.001624   0.0022329  0.00207276 0.0012251  0.00664166 0.01186011
 0.03156675 0.00100374 0.13118356 0.00838751 0.00120507 0.00130002
 0.01577394 0.00166344 0.00480702 0.00591044 0.00878118 0.00209159
 0.00235163 0.01032379 0.00118455 0.00289803 0.00264081 0.00161747
 0.00076591 0.00092185 0.02891972 0.00666983 0.00150643 0.00071393
 0.0002556  0.00314137 0.02670601 0.00220118 0.00098024 0.00221539
 0.0019103  0.00222083 0.00158058 0.00087269 0.0082023  0.00220333
 0.00362141 0.00097699 0.00258239 0.02134404 0.03260002 0.00079044
 0.00057937 0.0190355  0.00186175 0.00405752 0.00070219 0.07110086
 0.00074228 0.00089421 0.00059992 0.00073142 0.18905525 0.00610071
 0.00235396 0.00134842 0.00487502 0.12352482 0.00157635 0.00111613]

Data shape
	X_train:   (300000, 90)
	y_train:   (300000,)
	X_test:   (150000, 90)
	y_test:   (150000,)

Results on train set
	brier_loss_train:   0.0940417857779093
	loss_train:   0.34627299173685516
	accuracy_train:   0.9468766666666667
	roc_auc_train:   0.9855493268213268
	recall_train:   0.9243703703703704

Results on test set
	brier_loss_test:   0.13275061204956154
	loss_test:   0.4370385777953244
	accuracy_test:   0.8612533333333333
	roc_auc_test:   0.6851866138271605
	recall_test:   0.24853333333333333

