EXPERIMENT 37: RANDOM FOREST

Parameters
	n_estimators:   100
	max_depth:   4
	random_state:   42
	weighted:   True
	class_weight:   None

Model
Features importance: [3.88391960e-04 7.10728109e-04 4.83038720e-04 1.50352553e-03
 2.39085613e-03 3.40179121e-03 2.72150209e-03 1.75792419e-02
 5.02909725e-04 2.18243413e-04 2.71404386e-03 6.58927682e-03
 2.08934527e-04 1.16557713e-03 1.38580929e-03 1.59944354e-03
 1.26784081e-03 1.13160190e-03 2.19872336e-02 1.31609170e-04
 3.51550572e-04 1.52416624e-04 1.06753970e-03 3.71049959e-04
 2.39794676e-03 5.25021597e-04 8.99921513e-04 6.36045855e-04
 2.09637136e-02 1.97447261e-02 6.32552522e-03 4.86990946e-04
 1.43438387e-01 2.21184424e-02 1.73442416e-03 2.15264176e-03
 9.71161946e-04 7.33039502e-04 3.52941774e-04 3.59379516e-03
 3.32195770e-03 2.74190830e-03 4.35633813e-03 4.36965278e-02
 7.32704145e-03 1.14105291e-03 3.60714898e-03 3.61470490e-03
 1.28484896e-05 8.32400149e-04 2.66586764e-02 3.10771522e-03
 2.29949410e-02 1.35510518e-03 0.00000000e+00 1.19030378e-03
 1.88248060e-02 4.57106164e-03 1.70239542e-03 1.04152537e-02
 8.02254017e-03 4.97548388e-03 1.24799775e-02 3.13549906e-04
 2.13506863e-03 2.02639285e-03 3.03492786e-03 1.44637305e-03
 1.99031375e-03 8.53451138e-02 1.53440822e-03 3.00233472e-03
 1.09623301e-03 2.49968578e-03 8.21814376e-04 7.72178079e-03
 1.47993444e-03 1.15331622e-01 3.76954015e-03 2.94766336e-03
 2.21685085e-03 9.42883670e-04 1.60711773e-01 2.09837427e-03
 6.68288633e-02 1.48519547e-03 1.25876240e-03 1.95044103e-02
 2.14069783e-02 3.00008125e-03]

Data shape
	X_train:   (300000, 90)
	y_train:   (300000,)
	X_test:   (150000, 90)
	y_test:   (150000,)

Results on train set
	brier_loss_train:   0.06043956958846029
	loss_train:   0.2176073637079353
	accuracy_train:   0.9096233333333333
	roc_auc_train:   0.9238142167148109
	recall_train:   0.03167857142857143

Results on test set
	brier_loss_test:   0.075715065421884
	loss_test:   0.26969622513728136
	accuracy_test:   0.9066666666666666
	roc_auc_test:   0.7857487229516806
	recall_test:   0.0

