EXPERIMENT 36: RANDOM FOREST

Parameters
	n_estimators:   40
	max_depth:   6
	random_state:   42
	weighted:   False
	class_weight:   balanced

Model
Features importance: [1.81732681e-03 2.40502575e-04 4.89024766e-03 6.71013113e-04
 1.56195518e-02 1.82897099e-03 1.78688266e-02 5.94365570e-04
 5.35128420e-04 2.56509057e-04 8.41940992e-04 4.35731827e-02
 5.90528430e-03 5.71259098e-04 1.98534920e-03 7.98570135e-03
 8.25154206e-04 3.93817766e-04 3.65336761e-02 7.15531895e-04
 4.28312191e-04 1.92545271e-03 1.65119056e-03 8.71007838e-04
 7.80342825e-04 1.60808049e-03 1.29915857e-03 3.18182692e-04
 4.77267775e-03 1.14251873e-02 3.74208734e-02 6.32816984e-04
 1.68064932e-01 7.92819088e-03 5.06922398e-04 2.81603162e-04
 1.43590446e-02 8.68050816e-04 5.40232162e-03 2.41604055e-03
 3.66338779e-03 2.56733073e-03 2.25623720e-03 1.21176887e-02
 7.41510320e-04 2.10738388e-03 8.38736739e-04 1.44015917e-03
 2.51083282e-04 9.47527057e-04 2.75257109e-02 7.37888171e-03
 7.62823635e-04 2.76934331e-04 5.41774475e-05 3.40681934e-03
 2.42482965e-02 9.51185805e-04 5.07890073e-04 2.55099136e-03
 1.30865714e-03 1.25017733e-03 4.68272583e-04 3.55856917e-04
 8.22745610e-03 1.16158759e-03 4.49525597e-03 5.03618675e-04
 1.46280360e-03 1.45725271e-02 4.20462804e-02 5.61623226e-04
 3.66325951e-04 1.51164680e-02 1.25480753e-03 3.61689495e-03
 3.25400364e-04 6.83187806e-02 5.15255958e-04 6.35389346e-04
 4.29840000e-04 1.97285094e-04 1.87563330e-01 4.24386272e-03
 3.16186478e-03 4.39335635e-04 7.26969594e-03 1.27337698e-01
 1.11948442e-03 4.65678872e-04]

Data shape
	X_train:   (300000, 90)
	y_train:   (300000,)
	X_test:   (150000, 90)
	y_test:   (150000,)

Results on train set
	brier_loss_train:   0.1272732966381712
	loss_train:   0.43024761864851013
	accuracy_train:   0.92654
	roc_auc_train:   0.9736713185456518
	recall_train:   0.8908888888888888

Results on test set
	brier_loss_test:   0.15448901387322808
	loss_test:   0.49088629151986746
	accuracy_test:   0.85784
	roc_auc_test:   0.7030954943209876
	recall_test:   0.3191333333333333

