EXPERIMENT 38: RANDOM FOREST

Parameters
	n_estimators:   40
	max_depth:   5
	random_state:   42
	weighted:   False
	class_weight:   balanced

Model
Features importance: [1.34275561e-03 2.60160322e-05 2.46536013e-03 3.06750968e-04
 1.82946404e-02 1.64859799e-03 1.72335999e-02 6.02561285e-04
 3.00119791e-04 0.00000000e+00 1.51463099e-03 4.06325201e-02
 5.45131610e-03 1.85227003e-03 3.30652331e-04 7.06171027e-03
 6.07998757e-04 8.10660565e-04 4.90411635e-02 3.42502968e-04
 2.74160080e-04 1.54980963e-03 9.52896377e-04 2.56204339e-04
 1.13510582e-03 2.50158446e-03 5.60821181e-04 1.16937896e-04
 5.94796045e-03 1.49893963e-02 3.27296058e-02 2.83712604e-04
 1.75207834e-01 4.26396078e-03 1.55742718e-04 5.96773288e-05
 1.48340237e-02 4.07385110e-04 7.54614507e-03 4.21588786e-03
 4.03028694e-03 1.99289111e-03 2.31057347e-03 8.14934146e-03
 4.09320665e-04 8.20622592e-04 5.75218796e-04 1.17199397e-03
 6.16865109e-05 9.62854794e-04 2.87665852e-02 5.67510006e-03
 5.02288663e-04 4.19939750e-04 0.00000000e+00 3.08893250e-03
 2.61031591e-02 4.22290329e-04 1.80192864e-04 1.84424309e-03
 2.38343953e-03 6.36195243e-04 3.63430375e-05 1.96147643e-04
 8.02841817e-03 1.34064034e-03 2.05549603e-03 3.24805405e-04
 8.77002991e-04 1.32210539e-02 4.28249550e-02 3.72125610e-04
 1.41639512e-04 1.49390414e-02 1.04920029e-03 2.65174696e-03
 6.68756513e-04 4.58309832e-02 1.69448448e-04 2.92881146e-04
 4.70207281e-04 7.68156009e-05 2.10486166e-01 2.13901533e-03
 1.75027220e-03 5.34146609e-04 5.96866251e-03 1.33073981e-01
 1.57406831e-03 5.44144452e-04]

Data shape
	X_train:   (300000, 90)
	y_train:   (300000,)
	X_test:   (150000, 90)
	y_test:   (150000,)

Results on train set
	brier_loss_train:   0.14066354602880785
	loss_train:   0.4619501675618773
	accuracy_train:   0.9169833333333334
	roc_auc_train:   0.9610893657576992
	recall_train:   0.8442592592592593

Results on test set
	brier_loss_test:   0.15898857823259074
	loss_test:   0.5019591977503437
	accuracy_test:   0.8611066666666667
	roc_auc_test:   0.7117897893827161
	recall_test:   0.329

