EXPERIMENT 46: RANDOM FOREST

Parameters
	n_estimators:   20
	max_depth:   6
	random_state:   42
	weighted:   False
	class_weight:   balanced

Model
Features importance: [3.42257140e-03 0.00000000e+00 5.72205943e-03 8.33872599e-04
 1.85202645e-02 1.89183337e-03 1.76947789e-02 3.31567781e-04
 4.25038523e-04 3.38604370e-04 8.82208893e-04 4.94459163e-02
 4.86895406e-03 7.86516124e-04 1.22609568e-03 8.95175004e-03
 6.49845477e-04 4.99493160e-04 3.83774167e-02 1.27619875e-03
 2.40642209e-04 3.61771934e-03 1.69991927e-04 6.28905243e-04
 8.88182719e-04 3.10222732e-04 1.97133585e-03 2.15320187e-04
 7.07703828e-03 1.40992447e-02 2.83283746e-02 6.99271789e-04
 1.62867737e-01 6.15507510e-03 4.16058637e-04 2.58750507e-04
 1.91567786e-02 1.53459324e-03 7.98370765e-03 1.99183604e-03
 5.48705289e-03 2.39812313e-03 9.20394889e-04 1.35030849e-02
 1.20844729e-04 2.06962355e-03 3.30187088e-04 1.89748769e-03
 2.74962392e-04 1.42477705e-03 3.81443839e-02 3.03740459e-03
 8.31538142e-04 4.22448486e-04 0.00000000e+00 4.66991954e-03
 2.83799987e-02 8.34640769e-04 5.23438919e-04 3.52202834e-03
 8.86547001e-04 1.74959091e-03 4.64023059e-04 5.57082954e-04
 8.95657050e-03 2.33140925e-04 5.16674663e-03 6.97740386e-04
 2.40536018e-03 1.73455155e-02 3.23477642e-02 5.30210286e-04
 5.05692720e-04 1.56260404e-02 1.78468040e-03 2.76381954e-03
 4.51215822e-04 7.68127194e-02 4.02128194e-04 2.80536120e-04
 3.51790236e-04 2.72206545e-04 1.69313976e-01 3.04320298e-03
 2.89406418e-03 4.17261694e-04 5.88488963e-03 1.22580398e-01
 1.05792100e-03 6.69053586e-04]

Data shape
	X_train:   (300000, 90)
	y_train:   (300000,)
	X_test:   (150000, 90)
	y_test:   (150000,)

Results on train set
	brier_loss_train:   0.12799725935565978
	loss_train:   0.4318982885154416
	accuracy_train:   0.91712
	roc_auc_train:   0.9719075795007461
	recall_train:   0.9003703703703704

Results on test set
	brier_loss_test:   0.157285640285918
	loss_test:   0.4967645026472109
	accuracy_test:   0.8461533333333333
	roc_auc_test:   0.7007283227160495
	recall_test:   0.3168

