EXPERIMENT 43: RANDOM FOREST

Parameters
	n_estimators:   60
	max_depth:   5
	random_state:   42
	weighted:   True
	class_weight:   balanced

Model
Features importance: [1.33657109e-03 1.73440215e-05 1.97186124e-03 2.11547408e-04
 1.34950518e-02 1.92318164e-03 1.40299247e-02 1.37535947e-03
 7.88543972e-04 0.00000000e+00 2.18545120e-03 4.11570596e-02
 5.08747818e-03 1.72181420e-03 1.23346163e-03 6.90511632e-03
 6.42798305e-04 5.76983540e-04 4.36930425e-02 3.01701924e-04
 2.20619264e-04 1.49151383e-03 1.01256924e-03 2.92441649e-04
 1.40494263e-03 3.58277809e-03 1.65490004e-03 1.16119703e-04
 7.36296193e-03 1.73663067e-02 3.42433700e-02 5.09938945e-04
 1.59433551e-01 5.38652106e-03 1.03828479e-04 1.34313759e-04
 1.86629617e-02 7.87408409e-04 5.90198587e-03 3.48900202e-03
 6.02815971e-03 1.55127136e-03 1.87694463e-03 1.53339295e-02
 3.57698909e-04 1.69125820e-03 7.87295364e-04 1.00013299e-03
 9.06241322e-05 7.81029878e-04 3.00851605e-02 5.65731137e-03
 4.51011085e-04 5.06567652e-04 0.00000000e+00 2.79437919e-03
 3.13938302e-02 5.64394562e-04 1.20128576e-04 1.78368116e-03
 1.78570013e-03 6.97748541e-04 1.74206893e-03 5.02679778e-04
 8.04999971e-03 1.03102503e-03 1.78274951e-03 9.27306210e-04
 6.79344481e-04 1.39486067e-02 3.78188146e-02 2.96264174e-04
 2.97609740e-04 1.61301006e-02 9.08669516e-04 4.97978428e-03
 5.82888582e-04 6.97207017e-02 2.48804634e-04 2.31500161e-04
 7.58572022e-04 2.66161565e-04 2.05197956e-01 1.61556282e-03
 2.32212457e-03 3.96808044e-04 5.34523668e-03 1.15286563e-01
 1.13990013e-03 6.41613183e-04]

Data shape
	X_train:   (300000, 90)
	y_train:   (300000,)
	X_test:   (150000, 90)
	y_test:   (150000,)

Results on train set
	brier_loss_train:   0.14184482920734642
	loss_train:   0.46604005202795246
	accuracy_train:   0.92505
	roc_auc_train:   0.9664874022520689
	recall_train:   0.8515925925925926

Results on test set
	brier_loss_test:   0.1619714815573913
	loss_test:   0.5089551929068311
	accuracy_test:   0.8639133333333333
	roc_auc_test:   0.6995048256790124
	recall_test:   0.31493333333333334

