EXPERIMENT 55: RANDOM FOREST

Parameters
	n_estimators:   100
	max_depth:   6
	random_state:   42
	weighted:   True
	class_weight:   None

Model
Features importance: [0.0016629  0.00053667 0.00207779 0.00118724 0.00500968 0.00551799
 0.00105245 0.00581402 0.00091271 0.00084118 0.00202753 0.00411041
 0.00463077 0.0014751  0.00159109 0.00830553 0.00131464 0.00116513
 0.04167159 0.00075302 0.00061571 0.00149615 0.0005736  0.00071283
 0.00137015 0.00155461 0.00224063 0.00084308 0.03343616 0.01772253
 0.00669695 0.00173024 0.16547857 0.0195293  0.00256745 0.00348681
 0.01638056 0.00156496 0.0066157  0.00495531 0.00316084 0.00420098
 0.00218223 0.02089271 0.00478872 0.00790479 0.00196223 0.00240201
 0.00087027 0.00099293 0.01494282 0.01164959 0.02306438 0.00148004
 0.00018102 0.00285771 0.01095267 0.00193973 0.00088187 0.00160682
 0.00362663 0.00290775 0.00877986 0.00066999 0.0009202  0.00043444
 0.0015299  0.00149491 0.00283755 0.07819523 0.00573117 0.00079729
 0.0014638  0.00195488 0.00399934 0.00530983 0.00359911 0.09242634
 0.00591356 0.00331261 0.00161798 0.00141311 0.1028024  0.00342077
 0.05509675 0.00120816 0.00310696 0.07834743 0.02290698 0.00403197]

Data shape
	X_train:   (300000, 90)
	y_train:   (300000,)
	X_test:   (150000, 90)
	y_test:   (150000,)

Results on train set
	brier_loss_train:   0.047839521045809894
	loss_train:   0.17709935242878544
	accuracy_train:   0.9249766666666667
	roc_auc_train:   0.9750052388980788
	recall_train:   0.22389655172413794

Results on test set
	brier_loss_test:   0.06932293178228906
	loss_test:   0.2490431468511488
	accuracy_test:   0.9133333333333333
	roc_auc_test:   0.7935586608646827
	recall_test:   0.0

