EXPERIMENT 59: RANDOM FOREST

Parameters
	n_estimators:   100
	max_depth:   4
	random_state:   42
	weighted:   True
	class_weight:   None

Model
Features importance: [1.92381890e-04 5.18777915e-06 9.07078565e-04 1.12915791e-03
 5.27651083e-03 3.99122280e-03 8.25318222e-04 7.76740059e-03
 1.91816681e-04 7.79165071e-05 1.96851538e-04 3.19297591e-03
 2.64211113e-03 1.27300675e-03 1.57752601e-03 6.14896078e-03
 2.05974730e-03 1.05170120e-03 4.64282827e-02 2.86219145e-04
 4.81773724e-04 5.86235396e-04 0.00000000e+00 2.22645946e-04
 9.61815427e-04 8.54536560e-04 1.76713709e-03 1.52439375e-04
 3.93037634e-02 2.54409944e-02 3.28035630e-03 3.04586529e-04
 1.75735104e-01 1.74970761e-02 1.32424515e-03 1.64199926e-03
 1.77294703e-02 9.01156907e-04 5.97416575e-03 5.53860291e-03
 3.99260365e-03 2.71448319e-03 1.95749405e-03 2.16748788e-02
 4.29757341e-03 7.80107818e-03 1.51924319e-03 2.15979929e-03
 7.73984692e-04 5.95963799e-04 1.29739488e-02 9.34954928e-03
 2.14381468e-02 1.79911191e-03 0.00000000e+00 2.17142638e-03
 1.63740459e-02 1.49392876e-03 4.17465385e-05 2.27546600e-04
 3.01107321e-03 3.01701188e-03 1.43847177e-02 5.08370047e-04
 3.89321637e-04 3.44940024e-04 7.04517386e-04 1.91575795e-03
 1.48321286e-03 7.39897771e-02 5.46754661e-03 2.94239806e-04
 1.53479169e-03 1.56891390e-03 5.84189900e-03 5.46685463e-03
 3.64562889e-03 7.90031280e-02 5.04976461e-03 2.05451175e-03
 2.47033315e-03 5.70316837e-04 1.08704534e-01 2.45692989e-03
 6.37984947e-02 1.15751753e-03 1.77671804e-03 8.10499481e-02
 2.65439200e-02 3.51927714e-03]

Data shape
	X_train:   (300000, 90)
	y_train:   (300000,)
	X_test:   (150000, 90)
	y_test:   (150000,)

Results on train set
	brier_loss_train:   0.06127625767884832
	loss_train:   0.21712973028446966
	accuracy_train:   0.9055366666666667
	roc_auc_train:   0.9604439674895024
	recall_train:   0.022793103448275863

Results on test set
	brier_loss_test:   0.07143991820297102
	loss_test:   0.25843120233180317
	accuracy_test:   0.9133333333333333
	roc_auc_test:   0.780092896125772
	recall_test:   0.0

