EXPERIMENT 57: RANDOM FOREST

Parameters
	n_estimators:   100
	max_depth:   5
	random_state:   42
	weighted:   True
	class_weight:   None

Model
Features importance: [0.00069101 0.00032727 0.00156764 0.00098103 0.0061486  0.00467632
 0.0014131  0.00530732 0.00058311 0.00052172 0.00302687 0.00280116
 0.00436037 0.0010628  0.00177893 0.0087296  0.00088555 0.00119273
 0.04086148 0.00061967 0.00062061 0.00062094 0.00062071 0.00041897
 0.00285792 0.00140379 0.00158636 0.00079117 0.0402109  0.01630323
 0.00409889 0.00151325 0.18491341 0.01726072 0.00293017 0.00322882
 0.0140286  0.00123985 0.0050103  0.00375452 0.00160329 0.00196914
 0.00248318 0.01864014 0.00480661 0.01018473 0.00176364 0.00227282
 0.00051209 0.00075563 0.00977584 0.01196231 0.01842368 0.00220509
 0.         0.00267411 0.01703306 0.00228062 0.00075577 0.00087141
 0.00277101 0.0019389  0.00976804 0.0007203  0.00062954 0.00062743
 0.0010858  0.00261689 0.00222065 0.08612535 0.00414809 0.00070587
 0.00163285 0.00119475 0.00618636 0.00533437 0.00377728 0.07948989
 0.00609848 0.00376047 0.00122041 0.00110768 0.09917759 0.00299971
 0.06215348 0.00071402 0.00150872 0.07962448 0.02499731 0.00374168]

Data shape
	X_train:   (300000, 90)
	y_train:   (300000,)
	X_test:   (150000, 90)
	y_test:   (150000,)

Results on train set
	brier_loss_train:   0.054672378304432445
	loss_train:   0.19758198594117266
	accuracy_train:   0.9128433333333333
	roc_auc_train:   0.9665659283623869
	recall_train:   0.09837931034482758

Results on test set
	brier_loss_test:   0.07052726325993842
	loss_test:   0.2553636203780711
	accuracy_test:   0.9133333333333333
	roc_auc_test:   0.7716635822571589
	recall_test:   0.0

