EXPERIMENT 53: RANDOM FOREST

Parameters
	n_estimators:   100
	max_depth:   8
	random_state:   42
	weighted:   True
	class_weight:   None

Model
Features importance: [0.00200104 0.00078941 0.00202922 0.00169333 0.00563546 0.00448663
 0.00153606 0.00677749 0.00162438 0.00110601 0.00226406 0.00449661
 0.00531503 0.00290088 0.00236717 0.00759977 0.00119775 0.00200773
 0.04244506 0.00142475 0.00106522 0.00181232 0.00070846 0.00122016
 0.00380953 0.00237212 0.00391321 0.00175839 0.03049852 0.01533256
 0.00801732 0.00196955 0.15019571 0.01503313 0.00346056 0.00319223
 0.01404272 0.00229654 0.00592462 0.00609469 0.00498998 0.00463634
 0.003967   0.01636244 0.00446204 0.00879079 0.00310073 0.00324335
 0.00168047 0.00120847 0.01386731 0.01333607 0.02372681 0.00264358
 0.00015607 0.00300881 0.01521733 0.00265738 0.0012415  0.00195152
 0.00410702 0.00380458 0.00814806 0.00128623 0.00266985 0.00140022
 0.00161036 0.00335528 0.00393262 0.07685524 0.00446301 0.00148675
 0.00153874 0.00323066 0.00521964 0.00794496 0.00330406 0.08653626
 0.00539021 0.00407307 0.00204732 0.00228465 0.0982577  0.00340554
 0.05797082 0.00188112 0.0033854  0.07230827 0.02075812 0.00468088]

Data shape
	X_train:   (300000, 90)
	y_train:   (300000,)
	X_test:   (150000, 90)
	y_test:   (150000,)

Results on train set
	brier_loss_train:   0.03571904165143991
	loss_train:   0.14088940491997293
	accuracy_train:   0.9488666666666666
	roc_auc_train:   0.9846454943377021
	recall_train:   0.4711034482758621

Results on test set
	brier_loss_test:   0.06705794927481813
	loss_test:   0.2413514283647596
	accuracy_test:   0.91386
	roc_auc_test:   0.7994138674901741
	recall_test:   0.011461538461538462

