EXPERIMENT 50: RANDOM FOREST

Parameters
	n_estimators:   20
	max_depth:   4
	random_state:   42
	weighted:   False
	class_weight:   balanced

Model
Features importance: [0.00000000e+00 1.07801668e-04 4.68014631e-03 0.00000000e+00
 2.60070107e-02 0.00000000e+00 1.73147412e-02 1.09359098e-03
 0.00000000e+00 4.07808982e-05 1.73223587e-03 4.57314555e-02
 1.87561207e-03 6.46645705e-04 1.13655324e-03 7.50047213e-03
 0.00000000e+00 0.00000000e+00 4.13774178e-02 0.00000000e+00
 1.00260023e-04 2.97943254e-03 0.00000000e+00 1.82677846e-04
 1.11935642e-03 6.73708442e-04 4.70910917e-04 1.02065282e-05
 1.67504819e-02 1.52536493e-02 2.74592625e-02 0.00000000e+00
 1.77142091e-01 4.18009855e-04 0.00000000e+00 0.00000000e+00
 2.75008138e-02 3.66951178e-04 1.16282459e-02 4.14488488e-04
 2.32460989e-03 3.58333940e-03 0.00000000e+00 7.27021033e-03
 0.00000000e+00 9.93100799e-04 1.23743014e-03 4.79707573e-04
 0.00000000e+00 9.81773322e-04 4.37566756e-02 2.81015302e-03
 4.51004600e-04 0.00000000e+00 0.00000000e+00 4.07082190e-06
 3.65867592e-02 7.74516316e-04 0.00000000e+00 2.94355910e-03
 5.73707834e-04 0.00000000e+00 0.00000000e+00 4.45118230e-05
 1.02928891e-02 2.13462796e-03 3.33202872e-03 3.39554422e-03
 3.16581901e-04 2.59945768e-02 3.56009572e-02 4.64886058e-04
 0.00000000e+00 1.57060043e-02 2.16100871e-03 7.65401756e-04
 5.73382714e-04 5.03869222e-02 7.12797986e-05 0.00000000e+00
 0.00000000e+00 7.38375720e-05 2.01405724e-01 9.85172720e-04
 1.07375441e-03 4.66903272e-04 2.24258164e-04 1.07419665e-01
 6.24452957e-04 0.00000000e+00]

Data shape
	X_train:   (300000, 90)
	y_train:   (300000,)
	X_test:   (150000, 90)
	y_test:   (150000,)

Results on train set
	brier_loss_train:   0.16257240547767854
	loss_train:   0.5113371636580403
	accuracy_train:   0.8933366666666667
	roc_auc_train:   0.9524767448785781
	recall_train:   0.857

Results on test set
	brier_loss_test:   0.17701522132015315
	loss_test:   0.5421401955466125
	accuracy_test:   0.84476
	roc_auc_test:   0.7126274580246914
	recall_test:   0.3758

