EXPERIMENT 69: RANDOM FOREST

Parameters
	n_estimators:   60
	max_depth:   4
	random_state:   42
	weighted:   True
	class_weight:   None

Model
Features importance: [3.81255326e-05 1.06732678e-03 7.62694304e-04 1.77352164e-03
 3.68445946e-03 3.71506685e-03 3.65107867e-03 1.83328670e-02
 4.97093875e-04 9.75841389e-05 1.34394028e-03 3.93284817e-03
 2.78248840e-04 1.42770217e-03 7.74795672e-04 1.39403672e-03
 1.06188383e-03 1.88600316e-03 2.46517329e-02 5.91372521e-05
 5.85917621e-04 1.41462316e-04 4.83653451e-04 4.63716294e-04
 1.76205375e-03 8.69559182e-04 1.37061156e-03 1.04761318e-03
 1.72077071e-02 1.97858876e-02 3.97873804e-03 6.27402233e-04
 1.40645141e-01 2.66245018e-02 9.63288973e-04 1.76256205e-03
 1.33892959e-03 9.73609396e-04 5.39979779e-04 2.27144556e-03
 3.89962577e-03 3.47038008e-03 4.73524106e-03 4.95127397e-02
 9.08050445e-03 1.01955016e-03 2.65959526e-03 1.85505804e-03
 2.02003361e-06 1.13143838e-03 2.77567111e-02 3.02950819e-03
 2.17454337e-02 1.17946634e-03 0.00000000e+00 1.98383963e-03
 1.66692578e-02 5.59910799e-03 2.79713650e-03 8.95114729e-03
 4.73563198e-03 5.46843645e-03 1.48263496e-02 5.15758661e-04
 1.87513066e-03 3.36967900e-03 4.79660374e-03 0.00000000e+00
 1.64010024e-03 8.84115464e-02 9.46190242e-04 2.71204194e-03
 1.37968008e-03 4.05385111e-03 1.03570608e-03 8.61325693e-03
 2.25011578e-03 1.02095252e-01 3.40543693e-03 3.69587857e-03
 2.13669629e-03 4.31464451e-04 1.63930285e-01 1.68207268e-03
 6.30424838e-02 2.24620246e-03 2.09793734e-03 2.21854214e-02
 2.29523863e-02 2.51671494e-03]

Data shape
	X_train:   (300000, 90)
	y_train:   (300000,)
	X_test:   (150000, 90)
	y_test:   (150000,)

Results on train set
	brier_loss_train:   0.061200425756421255
	loss_train:   0.22005510595770184
	accuracy_train:   0.9092633333333333
	roc_auc_train:   0.9190206138392858
	recall_train:   0.027892857142857143

Results on test set
	brier_loss_test:   0.07603984382539497
	loss_test:   0.2704918939969184
	accuracy_test:   0.9066666666666666
	roc_auc_test:   0.7866260735294117
	recall_test:   0.0

