EXPERIMENT 6: RANDOM FOREST

Parameters
	n_estimators:   100
	max_depth:   6
	random_state:   42
	weighted:   False
	class_weight:   balanced

Model
Features importance: [1.81313641e-03 2.29684620e-04 2.97067859e-03 6.32564415e-04
 1.20909427e-02 2.56661879e-03 1.34868313e-02 1.44331027e-03
 9.36337221e-04 3.76138807e-04 8.95956553e-04 3.92732281e-02
 5.23059684e-03 1.34838686e-03 4.35641130e-03 4.99415624e-03
 7.02127051e-04 3.72030546e-04 4.06112696e-02 6.26371954e-04
 8.41239967e-04 1.23056070e-03 1.23991604e-03 1.72248262e-03
 9.52695658e-04 2.48838216e-03 2.09414605e-03 5.00427745e-04
 6.31834330e-03 1.37801338e-02 3.66621231e-02 5.61411088e-04
 1.41745221e-01 9.21294847e-03 3.35577938e-04 3.71293398e-04
 1.79492938e-02 1.00927956e-03 5.03921227e-03 2.25802332e-03
 6.13282601e-03 2.59821380e-03 2.09025400e-03 1.52055719e-02
 7.68311493e-04 2.63375983e-03 8.28357061e-04 1.74530624e-03
 4.58952780e-04 8.86896016e-04 2.62440186e-02 7.47531164e-03
 1.41486667e-03 5.66373470e-04 1.20041192e-04 3.38271552e-03
 2.60478897e-02 1.58432707e-03 5.29380494e-04 1.63356551e-03
 9.88506754e-04 1.45318178e-03 1.15380537e-03 4.45271222e-04
 7.06857222e-03 1.27033237e-03 2.25112570e-03 8.49356531e-04
 1.27119532e-03 1.61161088e-02 4.21481303e-02 7.21709768e-04
 2.54023352e-04 2.11400170e-02 1.31308774e-03 4.11160633e-03
 3.74823678e-04 8.86031232e-02 5.60561049e-04 5.74044317e-04
 6.16295591e-04 5.96048847e-04 1.82826288e-01 5.55481330e-03
 2.43252599e-03 4.63419677e-04 7.84970219e-03 1.21156037e-01
 1.75439506e-03 4.65462469e-04]

Data shape
	X_train:   (300000, 90)
	y_train:   (300000,)
	X_test:   (150000, 90)
	y_test:   (150000,)

Results on train set
	brier_loss_train:   0.12689369376200066
	loss_train:   0.43007339511977477
	accuracy_train:   0.9330733333333333
	roc_auc_train:   0.9774613943833944
	recall_train:   0.9001851851851852

Results on test set
	brier_loss_test:   0.15658727445952877
	loss_test:   0.49552602620419783
	accuracy_test:   0.8525933333333333
	roc_auc_test:   0.6901756019753086
	recall_test:   0.3016666666666667

