EXPERIMENT 65: RANDOM FOREST

Parameters
	n_estimators:   20
	max_depth:   4
	random_state:   42
	weighted:   True
	class_weight:   None

Model
Features importance: [0.00000000e+00 0.00000000e+00 1.54495554e-03 7.36435937e-04
 3.44233092e-03 5.36883877e-03 2.12468362e-04 1.18152124e-02
 0.00000000e+00 2.85393179e-04 0.00000000e+00 4.29964330e-04
 3.49212879e-04 1.53902581e-03 8.67006703e-04 7.52041317e-03
 2.66989952e-03 0.00000000e+00 4.63109231e-02 7.46758655e-04
 0.00000000e+00 7.71390394e-04 0.00000000e+00 4.24513728e-04
 2.12008314e-04 0.00000000e+00 1.28114375e-03 0.00000000e+00
 2.75510155e-02 1.85564820e-02 1.84075117e-03 1.45369746e-03
 2.04418830e-01 9.40993342e-03 0.00000000e+00 0.00000000e+00
 2.15754724e-02 6.21030737e-04 2.39885307e-03 5.09556323e-03
 5.82591466e-03 6.03254022e-03 9.33551597e-04 1.62455664e-02
 5.41347366e-03 1.00500275e-03 0.00000000e+00 1.97548147e-03
 5.08166675e-04 0.00000000e+00 1.48665419e-02 7.37459369e-04
 2.31520092e-02 3.27660075e-03 0.00000000e+00 0.00000000e+00
 1.88409254e-02 3.57800706e-03 0.00000000e+00 0.00000000e+00
 4.16041509e-03 2.77441205e-03 1.39574998e-02 1.53705820e-03
 1.15073113e-04 0.00000000e+00 4.33632231e-04 1.21653625e-04
 0.00000000e+00 7.13372459e-02 7.40961304e-03 5.98168107e-04
 2.90919164e-03 2.29054680e-03 9.95001941e-03 6.56284796e-03
 2.54562766e-04 3.75355955e-02 1.90211027e-03 8.97809311e-04
 1.06271911e-03 0.00000000e+00 1.28126906e-01 2.66347267e-03
 8.04885119e-02 1.09776964e-03 3.53881398e-04 1.03894151e-01
 3.47008487e-02 1.02351889e-03]

Data shape
	X_train:   (300000, 90)
	y_train:   (300000,)
	X_test:   (150000, 90)
	y_test:   (150000,)

Results on train set
	brier_loss_train:   0.06170594360986692
	loss_train:   0.2184048516183504
	accuracy_train:   0.90582
	roc_auc_train:   0.9509588686855832
	recall_train:   0.025724137931034483

Results on test set
	brier_loss_test:   0.07089199059699122
	loss_test:   0.2557777980307873
	accuracy_test:   0.9133333333333333
	roc_auc_test:   0.7884862869174621
	recall_test:   0.0

