EXPERIMENT 62: RANDOM FOREST

Parameters
	n_estimators:   40
	max_depth:   4
	random_state:   42
	weighted:   False
	class_weight:   None

Model
Features importance: [0.00000000e+00 1.29694479e-05 7.72477770e-04 3.68217968e-04
 4.12604358e-03 4.27119167e-03 1.32649764e-03 8.29497619e-03
 0.00000000e+00 1.42696590e-04 0.00000000e+00 3.60597149e-03
 3.61892606e-03 2.28613691e-03 1.22664226e-03 7.43021059e-03
 2.56834723e-03 3.65060217e-04 4.69138782e-02 3.73379328e-04
 2.58930092e-04 3.85695197e-04 0.00000000e+00 5.56614864e-04
 1.06004157e-04 0.00000000e+00 1.50278088e-03 0.00000000e+00
 3.26252391e-02 2.10500654e-02 1.24930493e-03 7.26848729e-04
 1.99855315e-01 1.61240843e-02 2.42681650e-03 4.13794987e-04
 1.48879322e-02 6.30677205e-04 3.93167866e-03 7.07471423e-03
 5.10104870e-03 3.01627011e-03 1.86564626e-03 1.81925019e-02
 9.81067454e-03 4.91305779e-03 9.76802259e-04 1.21514244e-03
 2.54083338e-04 0.00000000e+00 1.71318419e-02 4.51628139e-03
 2.41967768e-02 2.09023293e-03 0.00000000e+00 3.12150886e-03
 1.40862238e-02 3.59327804e-03 0.00000000e+00 0.00000000e+00
 4.05652979e-03 1.96038572e-03 1.78863108e-02 7.68529101e-04
 5.96960616e-04 0.00000000e+00 8.26197464e-04 7.65530238e-05
 1.32539793e-03 7.99621415e-02 9.39528016e-03 6.79892421e-04
 1.75706958e-03 1.14527340e-03 9.38510189e-03 6.48543012e-03
 1.85948203e-03 3.70677124e-02 6.35120435e-03 6.66935179e-04
 2.02441838e-03 0.00000000e+00 1.06037214e-01 2.16011803e-03
 6.32180503e-02 5.48884820e-04 1.76940699e-04 1.06302133e-01
 2.90737601e-02 2.61460176e-03]

Data shape
	X_train:   (300000, 90)
	y_train:   (300000,)
	X_test:   (150000, 90)
	y_test:   (150000,)

Results on train set
	brier_loss_train:   0.06233501920061141
	loss_train:   0.22010837360676902
	accuracy_train:   0.9048233333333333
	roc_auc_train:   0.9549494893752386
	recall_train:   0.015413793103448276

Results on test set
	brier_loss_test:   0.07104988493787526
	loss_test:   0.25715753697179805
	accuracy_test:   0.9133333333333333
	roc_auc_test:   0.7804572060640091
	recall_test:   0.0

