EXPERIMENT 63: RANDOM FOREST

Parameters
	n_estimators:   20
	max_depth:   5
	random_state:   42
	weighted:   True
	class_weight:   None

Model
Features importance: [3.93325193e-04 8.59422706e-05 1.10601679e-03 7.52962181e-04
 4.58493634e-03 4.91796272e-03 1.29512338e-03 4.69402324e-03
 7.07891231e-04 8.11953699e-04 2.90151986e-03 2.87802002e-03
 5.26076254e-04 4.76992003e-04 1.68685114e-03 8.50487729e-03
 1.96883055e-03 5.03507043e-04 2.16134236e-02 1.63775017e-05
 8.40086106e-04 1.12372516e-03 7.02984593e-05 8.76070357e-04
 3.69813053e-03 0.00000000e+00 6.87636084e-04 1.23551891e-03
 3.76371420e-02 1.39185675e-02 2.05355570e-03 2.81410071e-03
 2.25237399e-01 1.02429980e-02 0.00000000e+00 2.66804689e-03
 1.31385258e-02 2.56935761e-04 1.88310117e-03 3.37787459e-03
 6.32799101e-04 3.04816718e-03 2.26889027e-03 8.15370610e-03
 2.65097675e-03 9.28808839e-03 3.85718914e-04 3.75255531e-03
 2.06851363e-04 5.22414276e-04 1.96176917e-02 9.80858702e-03
 1.40762021e-02 3.03915549e-03 0.00000000e+00 1.73093018e-04
 1.97367314e-02 2.02430685e-03 3.11376190e-04 2.01391298e-04
 3.40208709e-03 8.21042523e-04 9.80954446e-03 5.30180057e-04
 7.92749916e-05 1.55828588e-03 5.25234914e-04 4.12148590e-03
 2.57249271e-03 7.89000950e-02 3.71113027e-03 6.14282798e-04
 3.05797826e-03 5.26554881e-04 7.35250729e-03 4.79236243e-03
 3.07768621e-03 7.70398299e-02 7.75511537e-03 2.20163687e-03
 6.35397198e-04 1.09953451e-03 8.25330807e-02 1.36484057e-03
 1.01869250e-01 2.97383893e-04 1.25667313e-03 8.00308999e-02
 3.50242943e-02 1.35481043e-03]

Data shape
	X_train:   (300000, 90)
	y_train:   (300000,)
	X_test:   (150000, 90)
	y_test:   (150000,)

Results on train set
	brier_loss_train:   0.055141675740337875
	loss_train:   0.19921179544838064
	accuracy_train:   0.9174966666666666
	roc_auc_train:   0.9568733781651609
	recall_train:   0.14651724137931035

Results on test set
	brier_loss_test:   0.07038923434093222
	loss_test:   0.2548365044926516
	accuracy_test:   0.91332
	roc_auc_test:   0.7676768265019652
	recall_test:   7.692307692307693e-05

