EXPERIMENT 75: RANDOM FOREST

Parameters
	n_estimators:   60
	max_depth:   6
	random_state:   42
	weighted:   True
	class_weight:   None

Model
Features importance: [1.73980691e-03 5.11191178e-04 1.79875034e-03 1.15025759e-03
 3.64646136e-03 5.53564010e-03 9.36945847e-04 6.02447657e-03
 9.30521067e-04 7.21425075e-04 1.69696388e-03 4.24966117e-03
 4.16455094e-03 2.09280940e-03 1.74203107e-03 9.79937027e-03
 1.71401214e-03 1.39401967e-03 4.43322955e-02 6.73941648e-04
 4.32479308e-04 1.93118632e-03 6.20053742e-04 1.02298285e-03
 1.36043763e-03 1.69931551e-03 1.89692152e-03 7.39549731e-04
 2.84259063e-02 2.04612710e-02 7.67925738e-03 1.76763058e-03
 1.69116261e-01 1.85930969e-02 2.99449480e-03 3.71051399e-03
 1.51149354e-02 1.75540397e-03 5.41179599e-03 4.48094164e-03
 2.51630206e-03 4.76684727e-03 1.84627831e-03 2.16684329e-02
 5.06601090e-03 8.09044920e-03 1.71128889e-03 2.17446310e-03
 7.83271501e-04 8.72509135e-04 1.43860817e-02 1.09133977e-02
 2.43734685e-02 1.59210888e-03 1.21793823e-04 3.30796326e-03
 1.22647737e-02 2.62243846e-03 1.16275715e-03 1.85226059e-03
 3.43735105e-03 3.03538670e-03 9.97174328e-03 7.42070629e-04
 8.27964943e-04 4.49324801e-04 1.22127063e-03 6.13607224e-04
 2.25737469e-03 7.01707137e-02 6.04443515e-03 9.28490189e-04
 1.77253630e-03 1.52929192e-03 4.44093202e-03 6.20441659e-03
 4.73521353e-03 9.20789803e-02 5.66897401e-03 3.65405809e-03
 1.59291124e-03 1.62840503e-03 9.89870888e-02 2.86769140e-03
 5.66627580e-02 1.30874946e-03 3.80269712e-03 8.00580399e-02
 2.41229724e-02 3.02208618e-03]

Data shape
	X_train:   (300000, 90)
	y_train:   (300000,)
	X_test:   (150000, 90)
	y_test:   (150000,)

Results on train set
	brier_loss_train:   0.048722524631021454
	loss_train:   0.1793356950064044
	accuracy_train:   0.92214
	roc_auc_train:   0.9755719492938032
	recall_train:   0.19455172413793104

Results on test set
	brier_loss_test:   0.06914080777742014
	loss_test:   0.24841549721307804
	accuracy_test:   0.9133333333333333
	roc_auc_test:   0.7966442318921955
	recall_test:   0.0

