EXPERIMENT 79: RANDOM FOREST

Parameters
	n_estimators:   60
	max_depth:   4
	random_state:   42
	weighted:   True
	class_weight:   None

Model
Features importance: [0.00000000e+00 8.64629859e-06 5.28896896e-04 8.00693900e-04
 4.16278079e-03 4.66638254e-03 8.84331762e-04 9.75212965e-03
 3.19694468e-04 1.29860845e-04 1.68551227e-04 3.91697396e-03
 2.94022733e-03 1.52409127e-03 2.11191136e-03 6.96636818e-03
 1.94663325e-03 1.75283533e-03 5.24036660e-02 2.48919552e-04
 3.16233029e-04 3.67689024e-04 0.00000000e+00 3.71076576e-04
 3.67599481e-04 6.48004505e-06 1.31833246e-03 0.00000000e+00
 3.59251584e-02 2.54187742e-02 1.34707488e-03 5.07644215e-04
 1.75342696e-01 1.44852885e-02 1.73801128e-03 2.42778353e-03
 1.41363234e-02 4.20451470e-04 4.85032123e-03 5.16524007e-03
 6.17316670e-03 4.15362834e-03 2.05985097e-03 2.91802603e-02
 6.54044970e-03 5.57358932e-03 6.51201506e-04 1.07171725e-03
 6.56713960e-04 9.93272998e-04 1.56574774e-02 9.62232756e-03
 1.92333085e-02 2.26655049e-03 0.00000000e+00 2.75329743e-03
 1.61859003e-02 2.39551869e-03 6.95775641e-05 0.00000000e+00
 3.08833040e-03 2.89708804e-03 1.35389746e-02 7.07274412e-04
 3.97973744e-04 3.18886102e-04 1.17419564e-03 5.10353492e-05
 8.83598622e-04 6.71546305e-02 8.21338748e-03 4.53261614e-04
 1.73653080e-03 1.46415294e-03 6.82820335e-03 8.23304394e-03
 2.22569640e-03 5.86763645e-02 5.89471034e-03 1.15409654e-03
 2.43704587e-03 1.66016403e-04 1.09041138e-01 2.64648129e-03
 6.55650973e-02 1.40852678e-03 3.95605507e-04 9.72308478e-02
 2.92512881e-02 1.78293674e-03]

Data shape
	X_train:   (300000, 90)
	y_train:   (300000,)
	X_test:   (150000, 90)
	y_test:   (150000,)

Results on train set
	brier_loss_train:   0.06230740200817676
	loss_train:   0.2197540862433934
	accuracy_train:   0.9047033333333333
	roc_auc_train:   0.9603480517877592
	recall_train:   0.014172413793103448

Results on test set
	brier_loss_test:   0.07125642652152736
	loss_test:   0.25756591215833063
	accuracy_test:   0.9133333333333333
	roc_auc_test:   0.7870127633352049
	recall_test:   0.0

