EXPERIMENT 77: RANDOM FOREST

Parameters
	n_estimators:   20
	max_depth:   4
	random_state:   42
	weighted:   True
	class_weight:   None

Model
Features importance: [1.14376598e-04 1.68579974e-04 2.28808291e-03 8.39422744e-04
 2.62341744e-03 4.73550830e-03 2.44140613e-03 1.51654432e-02
 0.00000000e+00 0.00000000e+00 0.00000000e+00 3.78806891e-03
 0.00000000e+00 5.09593660e-04 6.02579122e-04 3.28331675e-03
 1.53569708e-03 0.00000000e+00 2.43786828e-02 0.00000000e+00
 1.12637963e-03 4.24386948e-04 2.14971895e-05 0.00000000e+00
 4.39498111e-03 2.49022839e-03 1.03895340e-03 0.00000000e+00
 1.38060767e-02 1.63677089e-02 2.56166230e-03 1.53265785e-04
 1.55030104e-01 1.08255226e-02 6.22058688e-04 1.81092884e-03
 0.00000000e+00 1.12012671e-03 5.86163617e-05 9.93017349e-04
 5.62725099e-05 3.84606265e-03 6.92945860e-04 3.25772656e-02
 6.23721663e-03 7.11425607e-04 0.00000000e+00 2.50322687e-04
 6.06010082e-06 1.37686893e-03 3.17193973e-02 4.82885060e-03
 2.37341771e-02 0.00000000e+00 0.00000000e+00 2.59849019e-04
 1.27224459e-02 4.85367331e-03 2.35801465e-03 1.05225166e-02
 7.04840243e-03 4.18356752e-03 1.44527686e-02 7.01721226e-05
 4.35467216e-03 1.79903157e-03 0.00000000e+00 0.00000000e+00
 0.00000000e+00 1.21129714e-01 1.69623345e-03 1.55739309e-03
 2.57108370e-03 1.35388047e-03 1.29770455e-05 5.97280135e-03
 1.06176583e-03 8.88234311e-02 1.80622344e-03 5.98186354e-03
 7.27025699e-04 5.88725810e-05 1.83484842e-01 4.48425379e-04
 7.77738957e-02 1.20619350e-03 4.56424320e-03 1.71645641e-02
 3.48097632e-02 3.81313741e-03]

Data shape
	X_train:   (300000, 90)
	y_train:   (300000,)
	X_test:   (150000, 90)
	y_test:   (150000,)

Results on train set
	brier_loss_train:   0.06005177901912363
	loss_train:   0.21731598556592224
	accuracy_train:   0.9118466666666667
	roc_auc_train:   0.9128032060793068
	recall_train:   0.0555

Results on test set
	brier_loss_test:   0.07431089597621388
	loss_test:   0.26406353382774805
	accuracy_test:   0.9066666666666666
	roc_auc_test:   0.8119278655462185
	recall_test:   0.0

