EXPERIMENT 74: RANDOM FOREST

Parameters
	n_estimators:   40
	max_depth:   4
	random_state:   42
	weighted:   False
	class_weight:   None

Model
Features importance: [5.71882989e-05 1.60099017e-03 1.14404146e-03 2.66028246e-03
 4.19264134e-03 2.54186625e-03 2.03379733e-03 1.59748628e-02
 4.06015153e-04 0.00000000e+00 0.00000000e+00 4.92997445e-03
 2.02472243e-04 1.05479890e-03 7.42208669e-04 1.69866140e-03
 1.15565917e-03 2.57047452e-04 2.28601019e-02 8.87058781e-05
 5.63189814e-04 2.12193474e-04 1.33768676e-04 1.69909132e-04
 2.31933693e-03 1.24511420e-03 1.57528714e-03 0.00000000e+00
 1.70944426e-02 1.24755088e-02 5.23620339e-03 9.41103349e-04
 1.64564674e-01 2.43495152e-02 1.14129797e-03 9.05464418e-04
 0.00000000e+00 8.35134524e-04 5.74205631e-04 1.53786068e-03
 2.50220194e-03 3.53026211e-03 6.19809576e-03 3.13939980e-02
 1.09718506e-02 8.69609791e-04 2.57597708e-03 2.24706868e-03
 3.03005041e-06 1.49528252e-03 3.19241441e-02 2.61237572e-03
 2.71842876e-02 1.76919951e-03 0.00000000e+00 2.29076072e-03
 1.32390393e-02 4.54246688e-03 2.17913699e-03 1.15566815e-02
 5.70570362e-03 4.12880168e-03 2.06339519e-02 3.50860613e-05
 2.81269599e-03 4.09522882e-03 4.19303420e-03 0.00000000e+00
 2.68603967e-04 1.04947969e-01 1.41928536e-03 3.71945956e-03
 1.74247876e-03 1.59960747e-03 1.55355912e-03 5.40678862e-03
 2.03450827e-03 6.96774425e-02 2.34154293e-03 3.98213736e-03
 2.36174863e-03 6.47196677e-04 1.73464270e-01 1.46420396e-03
 6.11250625e-02 8.34579185e-04 3.14690601e-03 3.02606122e-02
 2.41572775e-02 3.67926457e-03]

Data shape
	X_train:   (300000, 90)
	y_train:   (300000,)
	X_test:   (150000, 90)
	y_test:   (150000,)

Results on train set
	brier_loss_train:   0.061310979339867636
	loss_train:   0.22040589162028948
	accuracy_train:   0.9093533333333333
	roc_auc_train:   0.9161774231223739
	recall_train:   0.028785714285714286

Results on test set
	brier_loss_test:   0.07504248473135652
	loss_test:   0.2669286390319001
	accuracy_test:   0.9066666666666666
	roc_auc_test:   0.7948194304096639
	recall_test:   0.0

