EXPERIMENT 83: RANDOM FOREST

Parameters
	n_estimators:   40
	max_depth:   8
	random_state:   42
	weighted:   True
	class_weight:   None

Model
Features importance: [0.00234527 0.00062352 0.00236949 0.00148366 0.00690561 0.00553667
 0.00166769 0.00709355 0.00159096 0.00125101 0.00112177 0.00452591
 0.00592538 0.00248839 0.0017873  0.00835668 0.00100859 0.00189448
 0.04236993 0.00119119 0.00119212 0.00186038 0.00053237 0.0013861
 0.0031801  0.00236767 0.00447799 0.00203592 0.02883412 0.01616923
 0.00846596 0.00121932 0.15482349 0.01601751 0.00350223 0.00382752
 0.01396563 0.00255902 0.00494417 0.00655628 0.00505824 0.00468033
 0.00389354 0.01716777 0.00557542 0.0082832  0.00333773 0.00343533
 0.00199602 0.00133258 0.01556402 0.01410753 0.0204531  0.0027977
 0.00016897 0.00336244 0.01381098 0.00269435 0.00096904 0.00158716
 0.00579287 0.00440524 0.00820346 0.00117509 0.00368451 0.00094389
 0.00180102 0.00270254 0.00317296 0.07487551 0.00482506 0.0013555
 0.00157438 0.00250406 0.00677876 0.0085563  0.00319653 0.07577878
 0.00418177 0.00406059 0.00192365 0.0022221  0.10416147 0.00337972
 0.05776018 0.00152601 0.00305141 0.07205805 0.02059928 0.00401966]

Data shape
	X_train:   (300000, 90)
	y_train:   (300000,)
	X_test:   (150000, 90)
	y_test:   (150000,)

Results on train set
	brier_loss_train:   0.0366635145449455
	loss_train:   0.14381322114577783
	accuracy_train:   0.94725
	roc_auc_train:   0.9820189666624252
	recall_train:   0.4543793103448276

Results on test set
	brier_loss_test:   0.06683738643097005
	loss_test:   0.24115373844070728
	accuracy_test:   0.9149333333333334
	roc_auc_test:   0.7969144497473329
	recall_test:   0.025461538461538463

