EXPERIMENT 82: RANDOM FOREST

Parameters
	n_estimators:   40
	max_depth:   10
	random_state:   42
	weighted:   False
	class_weight:   None

Model
Features importance: [0.00238994 0.00120627 0.00275647 0.00249092 0.00779149 0.00497894
 0.00387271 0.00840908 0.00234501 0.00172492 0.0030405  0.00513703
 0.00590565 0.00308125 0.00306321 0.0094024  0.00184685 0.00241838
 0.03495556 0.00230684 0.0017597  0.00308621 0.00136156 0.00197092
 0.00391683 0.00335939 0.00396745 0.00236206 0.02660872 0.01667452
 0.01048737 0.00259571 0.14072812 0.01497505 0.00269606 0.00421078
 0.01516091 0.00240141 0.00676286 0.00653905 0.00560175 0.00479148
 0.00446074 0.01777085 0.00610365 0.0104153  0.0027551  0.00293222
 0.00195506 0.00269487 0.0112208  0.0148605  0.01809143 0.00350771
 0.00028746 0.00425829 0.01345223 0.00295062 0.00161335 0.00203525
 0.00446223 0.00497424 0.00863796 0.0020525  0.00206054 0.00135625
 0.00309951 0.00430849 0.00472906 0.06442439 0.00530287 0.00175279
 0.00227435 0.00626948 0.00616168 0.00713045 0.00517548 0.08764738
 0.00599018 0.0053186  0.00360526 0.00285885 0.09254446 0.0036286
 0.04787386 0.00259753 0.00382905 0.07198481 0.02156752 0.00387482]

Data shape
	X_train:   (300000, 90)
	y_train:   (300000,)
	X_test:   (150000, 90)
	y_test:   (150000,)

Results on train set
	brier_loss_train:   0.027238064580662108
	loss_train:   0.11370223016442266
	accuracy_train:   0.9622966666666667
	roc_auc_train:   0.9916588365568137
	recall_train:   0.6099655172413793

Results on test set
	brier_loss_test:   0.06613444592939285
	loss_test:   0.23844315334804667
	accuracy_test:   0.9163466666666666
	roc_auc_test:   0.8053038357664234
	recall_test:   0.04146153846153846

