EXPERIMENT 81: RANDOM FOREST

Parameters
	n_estimators:   100
	max_depth:   8
	random_state:   42
	weighted:   True
	class_weight:   balanced

Model
Features importance: [0.00186098 0.00041803 0.00331068 0.00171006 0.01018184 0.00218341
 0.01452311 0.00166739 0.00188653 0.00071489 0.00231661 0.03597603
 0.00403428 0.00231642 0.00682605 0.00617245 0.00162311 0.00071194
 0.04157913 0.00099968 0.00153267 0.00278369 0.00146381 0.00202556
 0.00151465 0.00242397 0.00245395 0.00118016 0.00733695 0.01232651
 0.03285141 0.00102516 0.13025764 0.00780735 0.00114526 0.00131545
 0.01903645 0.00174403 0.00515974 0.00452467 0.00871915 0.00260106
 0.00273891 0.01362447 0.00148529 0.00301737 0.00204787 0.00270543
 0.00073678 0.00104056 0.02399709 0.00693894 0.00172873 0.0011603
 0.00046727 0.00322335 0.02680413 0.00177615 0.00115112 0.00220755
 0.00176994 0.00169788 0.0013216  0.00097636 0.00699707 0.00223005
 0.00305845 0.00106663 0.00234701 0.02339557 0.0345825  0.00088217
 0.00062218 0.02124452 0.0017039  0.0046804  0.00078712 0.07959277
 0.0008821  0.00090023 0.00083955 0.00078379 0.18123247 0.00570074
 0.00260423 0.00138033 0.00686416 0.11736449 0.00220624 0.00119238]

Data shape
	X_train:   (300000, 90)
	y_train:   (300000,)
	X_test:   (150000, 90)
	y_test:   (150000,)

Results on train set
	brier_loss_train:   0.09456363135487438
	loss_train:   0.34833095593207297
	accuracy_train:   0.9514233333333333
	roc_auc_train:   0.9883400250983584
	recall_train:   0.9330740740740741

Results on test set
	brier_loss_test:   0.13455606451805713
	loss_test:   0.4410228025594174
	accuracy_test:   0.85818
	roc_auc_test:   0.6856592217283951
	recall_test:   0.25493333333333335

