EXPERIMENT 9: RANDOM FOREST

Parameters
	n_estimators:   100
	max_depth:   4
	random_state:   42
	weighted:   True
	class_weight:   balanced

Model
Features importance: [1.18759987e-03 2.15603337e-05 2.25763108e-03 4.62971631e-05
 1.51107918e-02 2.05402289e-03 1.35155368e-02 1.06045130e-03
 4.00490317e-04 2.52458790e-04 6.90031582e-04 4.40931191e-02
 3.50097448e-03 4.25227098e-04 3.20505428e-03 5.70005307e-03
 0.00000000e+00 2.58611191e-05 5.26388075e-02 9.80212656e-05
 9.02249581e-04 1.50444976e-03 7.11191915e-04 3.28709147e-04
 9.19403140e-04 1.80277220e-03 1.55356173e-03 1.82666204e-04
 8.68187709e-03 1.59553956e-02 3.69615121e-02 3.38150655e-04
 1.33642006e-01 9.30938457e-03 1.54660905e-04 2.85640865e-04
 2.38918991e-02 4.03822596e-04 3.18376759e-03 2.76908609e-03
 6.55682571e-03 1.93457616e-03 7.84071305e-04 1.67460167e-02
 9.72825161e-05 1.46546887e-03 1.02095571e-03 8.93917659e-04
 1.51245819e-04 6.91612910e-04 2.84100315e-02 7.92975198e-03
 6.62515450e-04 8.87379395e-04 3.61704133e-04 1.79755153e-03
 3.61623731e-02 9.37084664e-04 2.37895454e-04 1.19032101e-03
 8.93276851e-04 5.13034012e-04 9.65015966e-04 3.17699260e-04
 5.01299803e-03 7.30367944e-04 1.03099754e-03 1.02610908e-03
 1.46589711e-03 1.83654665e-02 5.14294197e-02 5.85588891e-04
 0.00000000e+00 1.27971282e-02 6.56253622e-04 3.74126010e-03
 3.31079418e-04 8.75168751e-02 5.32146832e-05 1.33208081e-04
 3.39941198e-04 1.47675144e-05 1.75573134e-01 3.30151585e-03
 1.14995572e-03 3.53904402e-04 7.30343586e-03 1.24263641e-01
 1.20166880e-03 2.48367351e-04]

Data shape
	X_train:   (300000, 90)
	y_train:   (300000,)
	X_test:   (150000, 90)
	y_test:   (150000,)

Results on train set
	brier_loss_train:   0.1638614143342871
	loss_train:   0.5141617102204924
	accuracy_train:   0.90076
	roc_auc_train:   0.9596651547958215
	recall_train:   0.8747407407407407

Results on test set
	brier_loss_test:   0.1811577920022154
	loss_test:   0.5506299907660615
	accuracy_test:   0.8347666666666667
	roc_auc_test:   0.694493055308642
	recall_test:   0.36346666666666666

