EXPERIMENT 92: RANDOM FOREST

Parameters
	n_estimators:   20
	max_depth:   10
	random_state:   42
	weighted:   False
	class_weight:   None

Model
Features importance: [0.00279734 0.00118833 0.00212136 0.00251992 0.00608393 0.00564393
 0.00310627 0.00714789 0.0022986  0.00185316 0.00247753 0.0054422
 0.00562321 0.00256169 0.00248028 0.00995028 0.00179176 0.00278333
 0.03078247 0.00238732 0.00214968 0.00355949 0.00159426 0.00222906
 0.00338658 0.00268729 0.00455072 0.0020381  0.02612149 0.01729808
 0.0118956  0.00299497 0.14518877 0.01416935 0.00234524 0.00428865
 0.01472048 0.00230705 0.00846694 0.00823289 0.00508033 0.00626101
 0.00394192 0.0207676  0.00440711 0.01150666 0.0033512  0.00391573
 0.00178757 0.00223929 0.01220461 0.01622726 0.01239596 0.00369393
 0.00016612 0.00226057 0.01495455 0.00271437 0.0018849  0.00227716
 0.00280523 0.00629307 0.00769722 0.00205906 0.00191887 0.00135231
 0.00438743 0.00415457 0.00333422 0.06188408 0.00319401 0.00190972
 0.00218512 0.00693343 0.00759004 0.0071029  0.0049046  0.08956956
 0.00526122 0.0055678  0.00259216 0.00156863 0.09204629 0.00402758
 0.05348951 0.00271761 0.00486886 0.07107396 0.01989604 0.00431155]

Data shape
	X_train:   (300000, 90)
	y_train:   (300000,)
	X_test:   (150000, 90)
	y_test:   (150000,)

Results on train set
	brier_loss_train:   0.027969398775650745
	loss_train:   0.11588495606604401
	accuracy_train:   0.9619466666666666
	roc_auc_train:   0.98987089203461
	recall_train:   0.6063793103448276

Results on test set
	brier_loss_test:   0.06634948021077895
	loss_test:   0.23962655311747358
	accuracy_test:   0.91724
	roc_auc_test:   0.7988265676586187
	recall_test:   0.05984615384615385

