EXPERIMENT 93: RANDOM FOREST

Parameters
	n_estimators:   80
	max_depth:   6
	random_state:   42
	weighted:   True
	class_weight:   balanced

Model
Features importance: [2.15818988e-03 2.56126521e-04 3.23524275e-03 7.33981832e-04
 1.29034735e-02 1.70838069e-03 1.27995100e-02 1.61286909e-03
 9.77187737e-04 3.66712039e-04 9.75223073e-04 4.06953314e-02
 5.50418839e-03 1.12830225e-03 3.27308041e-03 5.36408454e-03
 8.36570432e-04 4.27661102e-04 3.86615141e-02 6.15439522e-04
 8.04844629e-04 1.48784176e-03 1.29603021e-03 1.93286123e-03
 9.59935926e-04 2.74040076e-03 1.99948594e-03 4.50849499e-04
 6.55293513e-03 1.37627406e-02 3.58737517e-02 3.90396438e-04
 1.54983349e-01 9.47125458e-03 3.68158362e-04 4.33946779e-04
 1.79129952e-02 1.00347672e-03 4.60287974e-03 1.98220523e-03
 5.69912405e-03 2.89392642e-03 1.65091144e-03 1.65715124e-02
 7.13492543e-04 3.09790944e-03 7.11488365e-04 1.45480827e-03
 4.61309758e-04 8.71132287e-04 2.64846256e-02 7.67987885e-03
 1.75168631e-03 5.63052887e-04 6.32865440e-05 3.91220158e-03
 2.74468364e-02 1.82810226e-03 4.47090592e-04 1.94139822e-03
 8.78195665e-04 1.43457689e-03 1.34206550e-03 4.08315669e-04
 7.31269712e-03 1.30801192e-03 2.62790959e-03 1.01417641e-03
 1.41803202e-03 1.75983209e-02 4.92771290e-02 7.33057617e-04
 2.85955193e-04 1.68279247e-02 1.40791789e-03 3.81061266e-03
 3.15493395e-04 8.79095749e-02 6.25358693e-04 5.34955646e-04
 6.99514004e-04 5.57482230e-04 1.68033694e-01 5.76127662e-03
 2.86885429e-03 4.54778226e-04 7.86651991e-03 1.15187965e-01
 1.64019820e-03 3.72253050e-04]

Data shape
	X_train:   (300000, 90)
	y_train:   (300000,)
	X_test:   (150000, 90)
	y_test:   (150000,)

Results on train set
	brier_loss_train:   0.12862647427018334
	loss_train:   0.4341726933538689
	accuracy_train:   0.9305066666666667
	roc_auc_train:   0.9762803683353685
	recall_train:   0.8975555555555556

Results on test set
	brier_loss_test:   0.15854988281409066
	loss_test:   0.5003463183063548
	accuracy_test:   0.8533466666666667
	roc_auc_test:   0.6929875466666666
	recall_test:   0.305

