EXPERIMENT 96: RANDOM FOREST

Parameters
	n_estimators:   20
	max_depth:   6
	random_state:   42
	weighted:   False
	class_weight:   None

Model
Features importance: [8.99492450e-04 5.10312092e-04 3.92245134e-03 1.19431017e-03
 1.70816490e-03 4.75993392e-03 6.11417694e-04 6.49871281e-03
 5.00814917e-04 1.01279815e-03 3.04207459e-03 5.28434309e-03
 4.66634146e-04 2.65012966e-03 1.92502431e-03 1.48335378e-02
 1.69026880e-03 5.25461097e-04 3.97316666e-02 6.67789466e-04
 7.33705839e-04 2.01268331e-03 1.47463313e-04 2.00069122e-03
 1.96520254e-03 1.10016568e-03 1.83476809e-03 1.24814475e-03
 3.17717424e-02 1.92103731e-02 6.52714367e-03 2.19708155e-03
 1.70279383e-01 1.08070225e-02 2.61739440e-03 3.82020638e-03
 1.83238237e-02 2.68789467e-03 1.05753417e-02 5.21453565e-03
 2.65241838e-03 6.71043143e-03 1.97426851e-03 2.62358772e-02
 1.42371600e-03 3.20691611e-03 1.75772939e-03 2.74801432e-03
 4.93833514e-04 1.12209177e-03 1.85468204e-02 1.03163092e-02
 2.01101743e-02 1.91156152e-03 1.74961525e-05 2.15102628e-03
 1.58162057e-02 1.95423263e-03 2.07998550e-03 1.60173271e-03
 3.12303347e-03 1.78517944e-03 1.17246287e-02 4.16828870e-04
 3.76482764e-04 1.76009088e-04 1.12649271e-03 2.37635683e-04
 1.28427061e-03 5.51049395e-02 6.70489462e-03 1.20224700e-03
 7.39680819e-04 2.28817238e-03 5.73478652e-03 3.91451010e-03
 2.32950809e-03 7.72322707e-02 8.85340529e-03 3.81161333e-03
 1.61410439e-03 2.47550088e-03 1.03254530e-01 4.26103692e-03
 7.41858522e-02 8.71284453e-04 4.74795649e-03 7.77616477e-02
 2.96850676e-02 2.63548381e-03]

Data shape
	X_train:   (300000, 90)
	y_train:   (300000,)
	X_test:   (150000, 90)
	y_test:   (150000,)

Results on train set
	brier_loss_train:   0.05071419621269244
	loss_train:   0.18513775534532528
	accuracy_train:   0.9210566666666666
	roc_auc_train:   0.96906178934979
	recall_train:   0.18341379310344827

Results on test set
	brier_loss_test:   0.07013458360461894
	loss_test:   0.2522883869094034
	accuracy_test:   0.9134133333333333
	roc_auc_test:   0.7793376249298147
	recall_test:   0.001153846153846154

