EXPERIMENT 95: RANDOM FOREST

Parameters
	n_estimators:   80
	max_depth:   5
	random_state:   42
	weighted:   True
	class_weight:   balanced

Model
Features importance: [1.32958749e-03 2.85233622e-05 1.95099929e-03 4.71954157e-04
 1.31479669e-02 1.52923246e-03 1.27640619e-02 1.05330863e-03
 5.94518970e-04 7.28883740e-05 1.75149824e-03 4.71803771e-02
 4.87608467e-03 1.55813326e-03 1.29687214e-03 5.56336462e-03
 5.94924928e-04 5.27253971e-04 4.64531657e-02 2.74657412e-04
 8.57989724e-04 1.38222271e-03 1.23822579e-03 2.49467609e-04
 1.14884569e-03 2.68708357e-03 1.45317211e-03 1.17456546e-04
 7.58150811e-03 1.44387419e-02 3.63908494e-02 5.01882362e-04
 1.68293971e-01 5.94336079e-03 1.54229174e-04 2.38641707e-04
 1.98060209e-02 7.69576709e-04 5.66282852e-03 3.57009509e-03
 7.23711303e-03 2.33632787e-03 2.14689616e-03 1.57204568e-02
 4.10146034e-04 1.54243999e-03 7.93779218e-04 1.54218829e-03
 6.79680991e-05 6.89200019e-04 2.70470372e-02 6.26664298e-03
 6.17700366e-04 5.44442048e-04 0.00000000e+00 2.70599517e-03
 3.34554542e-02 1.22638976e-03 1.78024688e-04 1.37871630e-03
 1.96158759e-03 7.20805120e-04 1.78046187e-03 6.57423531e-04
 7.22493115e-03 1.20810841e-03 1.41802564e-03 8.69845303e-04
 7.32577544e-04 1.30558953e-02 3.78414882e-02 5.76648537e-04
 2.23207305e-04 1.52615210e-02 7.64420052e-04 3.93616949e-03
 5.79417704e-04 6.97426079e-02 4.88610939e-04 2.32553273e-04
 5.93931609e-04 2.29390816e-04 1.98242083e-01 2.51497268e-03
 1.97930368e-03 3.31447794e-04 5.61172818e-03 1.08047853e-01
 1.27931283e-03 4.81209887e-04]

Data shape
	X_train:   (300000, 90)
	y_train:   (300000,)
	X_test:   (150000, 90)
	y_test:   (150000,)

Results on train set
	brier_loss_train:   0.14202277865269838
	loss_train:   0.4666577608348762
	accuracy_train:   0.9261233333333333
	roc_auc_train:   0.9670440754307421
	recall_train:   0.8539629629629629

Results on test set
	brier_loss_test:   0.16423589709338912
	loss_test:   0.5140974358074741
	accuracy_test:   0.8629066666666667
	roc_auc_test:   0.7057211155555556
	recall_test:   0.33853333333333335

