EXPERIMENT 90: RANDOM FOREST

Parameters
	n_estimators:   80
	max_depth:   10
	random_state:   42
	weighted:   False
	class_weight:   balanced

Model
Features importance: [0.00278506 0.00090586 0.00456005 0.00196627 0.00906291 0.00256458
 0.01148438 0.00208132 0.00178163 0.00131236 0.00405284 0.03679371
 0.00435767 0.00289924 0.00696271 0.00659513 0.0021227  0.00113567
 0.03730519 0.00176294 0.00213257 0.00300023 0.00161273 0.00234141
 0.00180697 0.0033326  0.00312935 0.00180152 0.00803771 0.01318924
 0.02834445 0.0016842  0.13505005 0.0082034  0.00191429 0.00202517
 0.01520113 0.0023013  0.00550073 0.00353823 0.00961529 0.00413307
 0.00358197 0.01391862 0.00187279 0.00324177 0.00180315 0.00205624
 0.00128131 0.00198313 0.03281735 0.00864766 0.00255215 0.0017369
 0.00035689 0.00354693 0.0295886  0.00250472 0.0015245  0.0030243
 0.00188146 0.00255632 0.00220041 0.00108741 0.00836198 0.00234873
 0.0039514  0.00209903 0.00311881 0.02197524 0.03561407 0.00169981
 0.0013116  0.01874263 0.00210915 0.00528697 0.00118894 0.0724271
 0.00134886 0.00123199 0.00160134 0.00170096 0.16738645 0.0052934
 0.004379   0.00194482 0.00695637 0.09905323 0.00323683 0.0014789 ]

Data shape
	X_train:   (300000, 90)
	y_train:   (300000,)
	X_test:   (150000, 90)
	y_test:   (150000,)

Results on train set
	brier_loss_train:   0.06533513076879102
	loss_train:   0.2706098597831214
	accuracy_train:   0.9737
	roc_auc_train:   0.995235218287885
	recall_train:   0.951962962962963

Results on test set
	brier_loss_test:   0.11823939382660462
	loss_test:   0.4002113581454947
	accuracy_test:   0.8739266666666666
	roc_auc_test:   0.664404044691358
	recall_test:   0.14866666666666667

